8000
2.1886
1.54804
1.22001
1.63101
2.6245
3.0057
2.22319
2.19462
3.13114
1.65918
2.28527
2.30955
3.73874
4.22451
2.9761
1.95202
1.4558
2.61201
2.64869
2.73625
5.0172
2.46719
6.16095
3.83989
3.49973
2.0288
3.05731
4.7872
5.25895
3.68317
2.27677
2.03977
1.58938
2.76149
3.09641
3.75704
2.16363
2.59249
1.95855
4.375
4.80658
3.19383
4.6863
2.32831
2.52328
1.60462
3.72265
3.94602
3.47911
3.17179
2.97474
3.39621
1.93771
4.19508
2.29058
4.04355
2.98452
4.2061
5.37518
3.87835
2.82162
1.7438
3.50814
2.67141
4.12407
2.4461
4.34515
4.58367
4.66554
2.30171
4.43678
4.1293
2.15653
2.27949
1.60238
2.31323
2.90918
2.34538
3.34855
4.8646
1.14959
5.11555
5.00732
2.94862
4.13959
3.12119
4.54289
3.25355
4.14009
2.9954
4.50015
2.32111
0.991189
2.93783
2.91845
4.57726
3.85969
2.90591
3.71062
3.16762
1.60558
3.03937
2.08869
6.88649
2.11991
5.74229
2.70902
6.18025
3.61928
3.52867
3.28162
3.85706
3.79491
5.83713
2.25579
2.63441
3.69226
4.51933
3.18291
4.50062
2.12981
3.4218
2.87792
3.48513
1.31818
2.42845
-0.893704
0.925056
0.752992
1.58373
5.79275
2.90204
-0.0609912
2.52411
1.22343
1.04087
3.38666
2.93638
4.9081
4.51136
1.59409
1.34608
5.84612
3.49392
2.69033
3.9589
3.68365
4.3054
3.78066
4.13809
1.35686
3.35284
2.69482
2.75137
3.75681
2.84462
3.02819
1.78188
0.323383
2.73455
4.16671
2.37384
2.71855
2.46932
2.46271
2.59488
2.3841
2.22082
1.67345
2.14303
1.24022
4.40945
5.27628
2.99664
2.62785
2.08769
3.19736
5.88035
3.64077
3.19163
2.30597
3.58926
6.07785
2.19069
2.65348
1.65764
0.93819
0.367443
2.64727
3.57459
4.06755
3.04884
4.38265
2.22813
1.18662
0.494673
3.33095
1.39111
5.24499
4.83446
4.05235
3.643
3.79694
4.22295
5.15199
2.33053
2.24265
2.69781
2.81234
3.18451
2.38533
3.8629
3.25756
5.49314
2.21287
3.45132
2.92258
4.78372
2.74989
6.15599
3.16777
3.80063
4.35609
4.74032
1.7889
2.88675
5.13667
2.54584
2.95788
2.04741
2.82891
5.49779
5.27101
3.91111
0.944757
3.80906
1.31603
4.4706
3.38505
0.640796
3.72097
2.41391
2.48218
5.28974
3.65313
0.746019
2.21716
3.21026
2.4372
3.66779
3.1916
4.41604
4.78875
6.00452
2.79911
2.75092
3.35257
3.95235
4.4338
4.33116
2.3155
4.12838
4.08317
2.81433
0.810551
1.71118
3.68054
2.5386
2.65863
3.5015
5.06232
3.33394
4.45654
1.82948
2.2274
4.35608
3.35213
1.23039
3.19445
3.58736
1.63999
3.41144
1.71298
7.1574
2.75929
4.25425
2.07275
4.3406
4.40297
1.87003
1.77905
2.82457
4.41909
3.30834
3.67345
4.00736
2.51175
1.30197
3.85748
0.186928
1.21627
4.37028
2.82621
4.39436
3.06402
4.17413
3.02754
3.25779
2.19945
2.662
3.97915
0.482282
2.21254
4.51681
3.01306
3.8444
3.34526
2.74003
2.8439
3.85407
4.55406
2.06879
2.2619
2.26736
1.83075
3.06126
2.7637
4.36122
1.76658
2.89793
3.44355
2.96602
1.82574
0.601281
4.61048
3.7605
3.32487
5.04469
3.77794
4.47067
2.9015
4.24983
2.65169
4.04003
2.34895
1.15245
3.38928
3.89222
1.44988
0.632598
3.29262
2.02954
2.60266
3.72989
4.95611
4.07597
2.06211
2.61354
3.8194
0.915099
4.93222
3.02795
3.38839
5.04525
1.99029
4.09909
2.96419
4.44382
2.45353
4.34611
1.44852
3.12085
1.95543
2.74233
3.81785
3.18592
5.23412
2.17388
4.17115
3.37711
5.02771
4.86621
1.95423
2.43326
2.94456
2.24361
2.14184
1.01991
2.978
3.10399
1.6145
2.07798
3.35347
2.69494
2.63745
2.96039
2.17245
2.60587
5.35688
4.21692
3.49347
3.70702
3.58338
4.00878
3.72667
3.93555
0.569149
4.27004
1.2752
1.81507
2.36259
1.94286
2.01329
4.32881
2.6983
2.5319
2.0466
4.49288
3.37366
3.26941
4.20656
5.30576
2.88753
2.56069
1.30658
3.84166
2.30169
6.12218
1.37076
5.67414
2.97746
5.68956
1.36009
5.60727
6.09187
3.34025
2.28352
3.09037
3.99742
3.44157
0.706704
3.71631
2.32771
3.47114
3.98956
0.892878
5.3443
5.55969
2.18094
4.56381
2.26636
1.50271
5.04829
4.06885
4.10304
2.67285
2.69227
1.88067
4.56734
1.12079
2.20837
2.88379
2.03401
4.83345
0.771359
3.55729
2.96349
3.45668
3.3867
0.0313798
2.30224
3.27635
2.53704
2.71661
4.10584
4.65286
5.22975
3.73867
2.57234
4.81021
3.27212
2.73414
3.92935
3.63951
3.15891
2.49032
3.88448
0.248459
3.93252
1.77537
1.49022
1.60635
2.092
4.15716
5.81346
3.94722
1.92668
2.55899
2.3023
3.09361
2.7094
3.16928
4.3386
5.1139
6.86297
4.20815
3.26594
3.3098
0.686261
2.41593
3.15327
3.84826
4.96828
5.49093
1.31828
1.40411
1.31118
2.35315
1.61251
4.5282
3.50867
3.39521
-0.176629
5.28747
5.25028
4.88722
4.1081
4.60389
4.00914
3.71913
2.49379
4.46674
2.10752
2.8157
3.3304
0.919133
2.6374
0.77429
5.67629
3.69772
3.94928
5.21926
3.14998
4.08373
4.49546
3.82059
4.56739
6.04709
0.758402
2.91293
2.59762
1.78572
2.98579
1.83095
2.01841
2.80719
1.91903
3.36041
4.35446
0.319521
3.09988
2.00772
2.17737
3.15259
3.80335
0.827255
2.44111
0.443215
3.39581
4.07065
2.66396
1.79306
4.42941
2.5751
3.49021
3.50094
2.08778
4.17815
3.69196
2.84933
2.30136
3.06149
2.30114
2.65573
5.15138
4.08526
3.1392
1.5368
1.36907
3.97649
4.52791
1.07205
1.76416
3.1061
3.35515
3.79639
3.60251
1.83451
2.76199
4.13546
4.49785
2.03262
3.9398
1.87767
3.1233
3.9924
1.09087
4.0352
2.78585
3.60272
3.5132
3.54684
3.9389
2.61175
4.59978
4.99361
1.34846
4.36251
2.23045
4.89311
4.04669
3.01884
4.22947
1.48977
1.4458
3.63488
3.57655
3.93766
4.93966
4.95471
2.10831
6.01746
3.84271
3.47739
2.47232
2.95045
2.33227
2.94075
3.65975
0.403961
4.20008
3.06641
2.72913
2.57182
3.83979
4.83363
1.45471
3.13048
2.79353
3.75263
3.74918
4.02935
5.28288
2.26657
3.53463
2.14002
1.05153
3.11961
5.14544
2.84687
2.4984
0.963619
2.98528
2.86442
4.00784
3.06758
3.21672
5.68055
2.63019
7.01153
2.0457
3.12097
3.25417
3.20968
1.06422
1.54393
2.77516
0.695747
3.01015
4.23341
2.51559
4.70005
3.66808
1.91395
-0.329843
2.80151
5.64787
4.36913
2.50885
5.2129
3.90738
1.19775
3.33962
0.626493
1.53603
3.67351
2.75899
3.52553
2.82432
1.00044
0.0370096
2.3723
1.69843
7.68425
3.66839
3.06204
1.66101
4.20683
5.14691
3.28455
3.42209
3.01916
2.76545
3.44854
2.99864
2.11877
4.4747
2.31606
2.72486
1.97387
3.25198
1.23418
1.86893
2.09668
3.48748
3.83402
-0.0513732
2.28384
2.70682
3.80037
5.99041
3.55367
3.21555
3.21821
4.39645
3.60513
3.99958
2.96803
3.79433
2.33483
3.33017
4.66417
2.43454
2.12798
3.05622
2.03862
3.40087
5.11381
2.44054
1.03604
2.36831
3.27759
4.31247
-0.449539
0.645473
1.56977
3.63726
4.16442
1.16258
3.29918
5.37933
5.16434
2.61552
3.14632
4.87289
3.36392
0.599176
3.80965
2.10444
3.55545
2.47304
2.85651
2.34313
2.05922
6.96179
3.87372
2.56481
2.15891
2.86609
4.01458
4.09903
4.4856
4.00205
4.79914
3.46809
4.93954
1.1527
4.51448
2.41768
1.72887
3.64132
2.57074
4.034
2.92369
3.49642
2.25499
4.4009
2.83034
2.73737
1.78468
3.93177
3.171
2.96258
3.57404
4.60929
2.92801
1.8244
1.4254
3.78274
3.3298
4.06776
0.204449
4.43788
5.37088
1.43325
2.90887
4.70116
4.02169
0.605268
3.24939
3.52187
1.37631
4.94265
2.4486
2.4612
5.46411
2.7041
1.79538
2.39847
4.28897
4.56485
2.42524
3.0163
5.86343
2.87498
2.61963
3.18661
0.797827
3.8963
2.19046
3.13862
3.10308
1.33313
2.16078
4.44934
4.89205
3.05713
2.88546
5.49801
3.13463
1.71325
1.34434
4.05195
2.22935
2.74319
-1.15177
1.15726
1.99338
0.501472
2.20171
2.44642
1.72445
2.60774
5.51592
0.395964
4.36641
3.93063
2.95219
2.94781
2.3821
4.52827
5.42057
3.16208
2.79514
3.55031
1.77161
6.07546
3.55976
4.78467
2.87609
5.17709
2.78344
3.83565
5.41714
4.45185
4.40685
2.67894
4.94408
3.17987
1.58383
1.1069
4.20822
2.58273
1.26166
1.36002
6.29251
2.80936
1.41921
0.40991
1.08955
3.29284
2.99165
5.65204
2.03155
2.0069
1.06804
4.32601
5.2338
3.84611
2.38443
3.75473
5.17947
2.42045
0.927945
3.70146
2.40959
1.96558
4.95731
1.92167
1.73841
1.01392
1.1814
1.39778
3.23206
1.83327
6.62086
2.44548
0.905234
5.72305
1.60842
3.64046
3.6704
4.14016
1.60164
4.2397
1.08041
1.17336
2.64361
5.72165
1.92495
2.64467
3.18597
2.59659
3.15928
2.16997
4.97942
2.81813
1.14841
5.16694
2.80249
4.7515
5.25196
5.42865
2.97169
1.74466
4.29973
1.80104
3.76706
3.17234
3.30371
2.93518
5.39256
2.91589
3.48819
2.78974
1.64888
2.42193
0.790082
2.07661
4.65121
4.29067
2.28304
4.71964
3.29471
4.31497
4.06101
1.47993
1.82004
0.400788
3.16106
3.77363
2.62236
1.98098
2.98919
4.31074
3.45715
2.2854
3.32933
5.00311
2.86718
2.35493
4.29561
4.24697
2.60702
2.31939
4.10785
3.56072
0.663156
2.8339
2.51449
2.23927
2.57662
0.383221
2.05216
1.23587
2.06665
3.78146
5.23116
6.21507
1.20694
3.48314
2.93617
0.0952223
2.76128
2.9735
4.15595
2.53024
3.40029
6.01705
3.02868
4.26912
4.51
1.80107
2.17495
1.9117
3.62651
1.44951
3.78744
1.97986
4.04467
4.8554
4.04952
4.11401
4.93415
5.55532
2.43514
4.18379
2.36126
-0.302288
4.36089
4.35706
2.31846
2.84365
3.34914
3.40822
2.74811
5.98899
3.23056
1.42664
2.619
2.51015
3.59414
2.61161
3.68054
2.53652
4.50379
4.43309
4.40988
3.51844
4.34123
2.61995
1.2447
2.14479
3.30243
4.1761
3.49221
2.25838
2.40742
0.832163
1.37497
1.6474
3.85477
4.20627
4.81111
3.81997
5.03003
3.99773
2.32756
4.00884
3.5352
1.83017
4.91586
4.07315
2.70129
2.25818
1.14518
1.70141
2.53102
1.58097
2.6805
3.12268
3.46332
2.31019
3.78854
1.78264
2.85861
1.43403
1.81206
4.50063
3.36672
2.366
1.40806
2.42541
3.55966
4.82761
2.48939
0.982316
4.82093
2.65488
3.96463
3.80978
6.37531
4.08172
4.2112
3.44405
5.40872
1.47521
1.72321
6.52221
2.15931
3.02659
0.507592
3.86383
2.27329
5.08994
3.50322
3.86527
0.587313
2.24596
1.87356
1.46726
5.1956
2.70857
2.86587
1.4292
4.64809
2.52729
2.57924
3.0453
4.46218
2.36844
3.93507
4.49493
2.7478
3.01925
1.76938
3.89667
2.17765
2.6983
5.13583
4.82271
4.10647
1.75035
4.20767
2.33284
3.66962
3.80684
2.75377
3.86812
3.09478
2.09743
1.53102
3.71443
4.44906
0.321767
4.05467
4.93019
4.24255
1.74251
1.48899
1.24683
3.00995
6.26389
3.40407
1.94112
3.39515
3.38662
3.89765
3.0545
3.52867
2.30571
1.00112
2.89464
2.97854
2.15622
2.77114
1.50107
2.84104
3.46308
4.04523
4.05456
3.6058
2.62601
4.4461
3.62673
5.08191
1.55044
1.05367
4.01168
-0.317189
1.70928
1.15316
3.36371
5.14251
2.91056
2.7008
1.73551
3.91244
5.37547
4.88243
3.57253
2.70251
4.49807
1.67599
4.99502
4.84437
4.72641
1.98694
1.35749
4.38412
3.19645
1.0481
4.2818
4.40322
4.70545
4.69111
2.41591
0.40015
0.449436
5.12835
2.16701
2.71113
0.840949
3.30314
1.71889
5.63573
1.39916
3.14653
3.01578
3.51887
2.14114
4.76564
4.13128
2.51364
5.40096
1.80685
1.8431
5.35169
2.43135
3.80252
4.66398
3.20448
4.78353
1.33028
3.72462
2.6431
1.34641
3.48562
4.31625
3.87603
1.74551
3.23013
2.69457
3.51862
4.39318
0.900876
3.51437
1.6647
3.5338
3.4633
3.00676
0.255532
4.67375
1.6239
4.53764
3.90036
4.01246
2.01948
3.01857
0.995521
3.55831
3.88506
1.46566
2.65613
2.15231
3.96924
3.70437
3.47488
3.54732
4.81978
4.01368
5.09877
5.56189
1.66783
3.44909
5.43553
1.23626
2.8385
0.519558
2.79477
2.91729
7.73752
4.01023
3.18844
3.34036
3.61337
2.43218
1.99702
2.59353
4.42238
0.0616549
4.26384
4.71571
4.42491
2.13971
4.49954
5.47394
2.26834
0.633901
5.26872
4.81086
3.58852
1.43845
3.07427
1.63024
0.538268
3.29649
3.3129
0.383095
1.40292
3.29223
4.12014
3.4614
1.48029
1.86672
2.7735
2.76934
4.50916
0.961276
5.12802
3.71139
2.54649
3.35993
4.02675
3.02707
1.57989
2.15004
3.73122
4.35383
3.648
5.39199
4.23601
3.79682
5.66258
3.53804
2.62694
3.15388
2.80001
1.4455
2.96868
2.26257
4.82666
2.63563
3.06575
3.04501
3.67858
1.7272
3.58276
2.19966
4.6973
4.00272
4.18967
3.57511
2.5152
1.34882
2.26473
1.56638
5.72914
3.61954
4.22451
3.01211
1.37687
4.06389
3.96038
4.34724
0.554583
4.54468
5.20107
2.85394
1.13276
2.76331
2.59939
2.87829
1.74937
2.51753
1.39889
1.01286
2.48733
2.43509
2.71129
1.52245
3.94748
1.03387
2.1528
4.23535
4.83812
3.00318
1.84784
3.30562
4.50197
3.57615
1.62001
3.23753
4.41525
3.54404
2.23131
3.14464
6.40144
2.93131
5.92318
2.27062
3.34883
4.7899
2.29863
2.02717
3.90493
3.67044
6.08043
2.57027
2.26887
2.27643
3.38413
1.69718
1.99925
4.0664
2.48739
2.76327
4.32472
4.67889
2.71516
3.88296
2.54262
2.57138
1.10732
3.80145
3.4821
3.81102
2.06045
0.803917
3.42763
1.35978
5.11144
3.03663
3.16001
0.572207
3.61475
4.94128
2.94678
2.82528
3.14476
3.73652
1.6543
3.72983
3.70585
4.04492
3.13687
4.2912
6.60049
4.67962
1.53659
1.58684
2.64069
4.41757
1.27365
5.10467
1.52392
1.43915
1.00034
2.28179
2.5744
2.45153
4.31103
2.82542
4.02657
2.21927
1.88961
5.49733
4.35168
1.47041
2.70395
3.30687
3.42648
3.9869
2.16157
1.06218
4.69451
4.33159
3.84803
2.22888
4.67505
2.32144
0.335798
2.05155
2.2886
2.94021
1.43804
0.0255333
2.60725
0.291413
2.58781
1.96614
2.92607
3.02662
2.6033
0.22437
2.6118
3.57338
3.96417
2.25593
3.62853
2.81287
2.88714
3.31441
5.564
3.45053
3.15034
5.50079
2.98095
3.71471
2.65313
4.42473
2.99855
2.86563
4.29355
0.0854114
2.31078
4.98207
2.71517
2.69595
4.7079
1.20919
4.26355
1.29893
3.67791
3.8146
6.57011
5.94563
1.39576
3.95513
4.57168
1.64826
6.87786
1.70118
1.91778
2.23419
4.9477
3.77579
1.68963
5.06259
2.66613
2.83349
2.69845
1.96523
3.71465
2.21563
3.42992
4.00948
4.70395
2.78719
2.7625
4.29802
2.32829
0.66763
2.78505
4.1074
2.51208
1.60138
2.78642
2.3709
6.72705
4.69652
4.50989
2.39691
4.47492
3.36681
2.55558
2.92237
2.73745
2.54359
3.94541
2.9547
2.91505
2.87799
2.61334
4.58311
1.62925
5.38503
4.55283
4.79025
3.36681
1.63586
1.82966
3.74802
4.0483
3.69989
2.482
2.7904
4.3953
4.18602
2.16994
3.86343
3.21869
2.66739
2.33413
0.95789
5.62734
1.62867
4.55019
4.14181
3.63797
5.87936
3.72848
3.1298
3.54976
2.65754
1.34431
1.98715
6.15138
3.70225
4.9905
2.44464
1.82792
3.09689
5.30325
0.898484
4.50281
2.87448
3.90094
3.60056
3.07387
4.53658
5.44326
4.59907
2.95247
2.23975
4.6482
3.31781
2.31941
1.31985
3.20651
1.53562
2.48338
2.9249
2.55913
3.24162
4.35459
4.6366
2.23854
3.17614
2.70653
0.0642718
4.16641
2.24947
2.27203
0.595738
2.8605
1.45313
3.05985
3.56051
3.10101
5.22203
3.38295
7.55623
2.33196
4.17123
1.64858
0.799729
3.4797
4.04024
3.69549
2.28727
4.96563
5.08128
3.27442
2.75576
5.722
2.56012
3.58834
3.88827
4.68463
3.08466
6.158
2.75511
4.6616
3.57424
3.32805
1.75602
5.14476
3.62182
2.07969
3.20402
3.07815
2.30715
3.7261
2.2712
0.404924
3.27396
5.15063
2.34881
3.00761
3.17401
1.03749
2.66519
3.81829
2.13916
5.1589
1.24476
2.35039
2.13312
5.23267
3.81048
2.31891
1.5107
4.89996
2.74684
2.54775
4.45301
3.20465
2.26258
0.953906
3.27403
3.54128
2.64393
5.87092
2.4838
7.49559
4.4688
2.43227
2.04436
2.65263
3.10319
3.78068
3.72064
3.44602
4.32395
0.545546
0.523636
2.03107
3.50609
6.25095
4.34644
2.35891
2.30621
1.20659
4.89571
2.26621
4.5574
3.35289
3.84433
4.61828
2.61422
4.12946
2.57828
4.77745
1.38425
4.22432
0.766171
3.73493
1.9424
1.30353
1.45126
1.18321
2.623
4.01984
5.42789
3.55063
2.89052
4.99105
3.40354
2.77367
2.23485
5.46587
2.54055
3.7088
3.72328
3.51045
2.05684
3.11104
1.95721
3.65187
2.51558
1.39444
2.64639
2.52608
1.60707
3.03795
1.82654
4.43101
3.20564
3.53976
2.14794
2.78774
2.4972
3.5751
1.59046
2.54908
2.50978
3.82924
6.31894
1.39289
2.9997
4.83187
4.29266
3.31122
3.28255
2.8304
3.74449
2.83455
2.55387
4.28741
4.32433
2.99696
3.37596
4.1167
3.59273
1.89943
2.39815
3.74328
-0.635589
3.31978
0.304093
3.64849
2.3224
3.8426
2.88244
5.31814
4.0721
1.01192
1.4146
1.98355
1.44948
0.117593
4.7918
3.92086
2.92448
2.78276
3.80805
1.53031
3.94072
1.24112
2.46456
2.29704
5.91954
4.35784
2.02442
3.71507
5.76206
1.41871
1.69835
1.71404
4.28323
1.52756
2.18804
2.9848
2.46986
2.35126
3.29928
3.46866
4.9365
0.563137
1.49337
0.974391
0.91785
1.6653
1.85
3.25487
4.07053
2.78141
2.7309
5.79534
3.44108
0.904601
2.20215
3.43384
4.12681
3.48437
2.56269
3.68998
3.67016
3.1586
2.26371
6.28244
3.27156
3.2807
1.18349
1.93918
4.30464
2.23381
2.47711
2.13031
2.95282
3.11619
2.5021
2.79945
1.99652
4.73187
2.20284
3.73642
0.729794
5.47804
2.19987
2.44089
2.35977
3.99381
3.58231
2.23394
2.16424
2.94479
1.60997
3.48653
4.67909
2.1211
1.83148
4.01405
4.15528
2.43763
4.08602
0.89245
3.57119
5.90866
2.40865
4.4391
1.68414
5.16209
1.90064
2.26558
2.93836
2.80591
2.76332
2.62752
4.15147
5.7485
3.843
3.29444
3.91783
1.48123
4.046
5.16986
2.83636
2.20653
0.37993
3.46469
3.93918
2.07704
3.28234
4.94931
2.4484
4.3591
2.08059
4.7563
2.57908
3.29144
0.667276
2.28146
4.94003
3.37836
2.23914
3.23041
3.67846
2.95635
0.785452
2.66293
2.1947
2.54775
4.69138
2.92489
2.08447
5.30265
5.27294
5.22213
2.08513
3.23378
3.8674
2.82156
2.58714
3.16227
3.3439
3.50284
2.43619
2.33117
2.97988
2.621
1.51003
5.46289
2.624
3.69181
3.99728
0.574545
5.68576
0.742418
3.66996
3.52747
2.80693
3.22164
2.58243
3.27402
2.42776
3.82635
0.636372
1.47873
2.27822
3.51176
3.78959
2.85595
3.88914
4.07219
3.17861
3.67553
3.24948
2.37926
3.44517
5.12315
3.66356
2.36848
4.52188
2.63303
3.76304
1.97084
2.76142
2.91834
1.98485
4.2212
2.46378
4.45726
0.0854739
1.26464
3.50271
3.5076
3.83656
2.82285
2.73084
4.53946
2.94878
6.2832
3.51641
5.19698
0.552068
4.33429
2.70555
2.6362
4.49391
4.35903
2.90032
2.23677
4.04571
3.98591
3.57525
2.73427
4.58063
3.86256
3.77991
3.89857
3.33514
5.21384
1.51621
4.45932
4.62911
3.10104
3.59362
3.17429
3.67758
3.09416
3.6097
3.48239
3.56724
0.520107
4.134
4.82375
1.05603
2.95326
1.44241
4.59089
1.88336
5.64122
3.67739
4.85616
3.68881
2.40106
4.6155
2.64981
4.96894
3.89739
4.50955
4.08826
3.15521
2.9934
3.89528
2.96131
1.27247
3.20259
2.19373
2.80497
4.84195
0.483764
3.57643
3.65121
3.81439
3.03981
1.3692
5.07248
3.43526
3.83463
3.19228
3.96907
2.12452
0.208207
5.48453
4.68666
2.9915
3.51105
2.82789
3.60313
3.11123
3.25053
2.05492
4.0704
3.84646
2.98795
3.80693
4.46368
4.21803
1.81488
3.55857
2.97173
2.49916
2.40481
3.06664
4.94897
1.21595
4.75592
4.55435
2.73514
4.55906
1.41216
2.36446
2.17343
3.15684
2.66607
3.15679
3.54606
4.2519
2.31737
0.952874
1.58401
4.00359
1.59555
2.74967
2.23418
5.24153
4.21295
-0.124631
4.72437
2.03243
4.18278
2.28122
3.10771
2.41719
1.93748
3.32039
3.76275
1.22997
1.53028
3.63951
4.95019
0.323394
1.8153
0.0230247
4.41539
3.26037
3.6007
2.45931
3.90674
6.49096
5.51828
4.69324
1.67864
4.6037
3.97258
3.77706
5.07262
5.39097
4.02716
2.70202
4.23161
2.07253
2.89163
2.29577
2.76608
4.38122
0.569172
1.51996
4.51459
3.10763
2.42162
3.02332
1.51828
1.98742
0.846313
3.46569
1.1502
1.49701
-0.149083
3.60841
3.81954
4.83216
3.2732
1.02683
4.19623
2.67243
2.81641
2.2117
3.97856
2.67282
4.58393
3.37059
1.13495
2.5537
4.19096
3.63178
4.08556
2.84693
2.71719
3.76874
4.32718
4.46578
3.84309
1.48294
2.34455
3.81435
2.73231
3.63312
3.4923
3.27433
2.08047
2.03237
2.49187
4.24694
0.961693
0.930516
2.43217
3.02538
3.69875
4.90021
1.72026
0.403317
2.27621
3.68343
3.33553
1.29547
4.03881
3.24003
4.16558
6.26719
2.40976
2.83533
4.05944
2.99702
5.14577
3.61867
-1.18295
2.41283
3.09804
1.18059
4.50203
2.01735
0.824792
1.9431
2.70078
3.29033
2.65516
1.91153
2.94979
4.06471
2.88568
2.84122
4.49839
4.53323
1.48228
4.11297
3.29653
0.534317
3.43253
-0.10479
2.46281
2.42195
4.43026
3.59173
4.56713
0.399227
3.87311
4.2161
2.29336
1.83745
1.92148
4.28726
2.06812
5.63968
2.76317
3.33878
3.80891
2.2343
3.07617
4.3811
2.61648
2.19508
2.65834
2.48585
4.84324
2.56511
5.548
3.3649
3.58611
3.78562
3.24108
2.26145
0.257094
3.73971
2.11393
2.49731
4.21555
2.60341
1.08662
5.51018
1.79183
2.71269
2.1941
2.724
5.26341
1.77015
4.70292
3.84555
2.83523
2.91853
1.69429
1.16343
3.86257
2.06478
4.62606
3.66044
2.7332
2.12025
1.93278
2.56435
3.34588
2.64855
4.08877
4.1984
2.96397
4.42691
4.27871
3.99019
2.46978
2.79138
4.03556
4.09702
2.43357
4.48357
4.35074
3.04926
4.55145
5.60449
2.86338
2.01138
2.82684
2.49257
2.49428
2.23008
2.73873
2.51981
3.78108
4.70806
4.38218
3.24523
3.2715
4.31373
3.93898
3.39276
2.93048
2.16856
0.71111
1.71485
3.04058
4.26491
0.560801
3.28586
3.31043
4.0034
2.11535
1.73419
4.54322
4.26013
2.11731
4.79233
3.2823
4.22479
2.77861
4.53329
4.38429
2.47017
1.78692
3.66072
3.15003
1.8311
2.5073
4.23646
2.88425
2.63615
5.59563
3.73292
3.18537
3.73773
2.21194
1.18708
4.03025
2.84089
2.21657
4.00553
0.961878
3.52916
2.17244
4.14772
4.39844
5.98415
4.18873
3.47997
1.04247
2.61599
3.47548
3.6621
1.01689
2.82357
3.574
5.10882
2.94971
4.32873
3.17653
2.79067
6.49253
4.17236
2.03333
2.16085
4.22456
3.92142
3.12859
0.0257445
1.58189
3.93615
2.72705
2.19854
2.03056
3.71698
3.63231
2.23387
2.46776
1.41904
0.871367
4.15091
2.61316
5.21624
2.57078
2.72219
4.39631
1.52825
3.57771
2.30728
4.04739
0.163245
2.8439
3.66723
4.34078
4.07429
2.52498
3.13584
2.46708
0.824521
2.21864
3.33052
3.11902
2.45338
2.40252
3.98465
3.32515
1.79249
3.57345
1.97042
3.9811
3.20501
4.73499
4.1752
2.88616
4.05866
2.89033
3.3882
1.84346
1.15507
3.82988
1.74208
3.60789
6.11764
2.88496
3.18085
4.9024
2.85691
2.47465
1.75008
5.12719
2.84888
3.05769
2.8921
6.2988
2.24343
2.44474
2.39286
2.24995
1.93519
2.84834
2.24868
4.44878
3.41775
6.16058
1.73379
3.71114
3.41588
2.42073
4.92869
2.59812
1.14577
1.99699
3.23201
1.25146
3.7716
1.36555
2.06626
3.0681
5.08838
1.98262
3.45714
3.72539
4.78379
1.74479
3.60599
3.76267
2.67443
4.78665
2.7755
3.98777
3.60542
3.05997
4.59607
3.2217
3.14842
2.24771
2.41265
4.90607
4.44019
2.05267
5.13388
3.19419
4.01396
5.94304
3.56357
1.05005
3.76542
2.60729
5.07946
5.32863
3.68318
2.95591
2.92572
2.25596
3.5025
4.75471
4.37602
4.65728
3.85639
3.16156
4.78052
3.74103
3.54998
1.40655
-1.02904
5.21273
3.32379
3.23705
1.85424
2.93589
3.94124
3.98099
2.01727
2.53069
2.607
2.91207
4.90653
2.50501
0.937569
2.69981
3.57264
2.44137
1.68889
4.29564
2.29072
2.89811
2.04286
0.530408
3.34328
4.50056
0.887109
2.43569
3.68884
2.22446
3.53098
2.10194
3.76891
6.1779
4.43336
4.90158
4.02918
4.19366
1.94515
4.42557
3.51387
1.30521
1.74213
4.03046
3.67726
3.2516
5.01909
2.31761
3.09113
3.58023
2.25249
2.76636
1.72657
5.25997
3.28145
3.97178
0.0659752
4.93663
2.81744
4.14648
1.41616
3.43547
2.74531
3.7812
2.41
6.48275
2.91321
3.73939
2.07793
1.1664
3.04059
4.86086
5.91435
4.02401
3.29905
3.68635
3.25403
3.91119
1.4331
2.09335
3.17815
4.82352
2.45155
1.40003
3.10568
4.57419
3.33341
3.39268
1.35516
3.16982
3.32723
2.8661
2.43825
3.53682
3.31727
2.98467
3.44613
5.3371
5.00649
3.49109
3.28277
2.11452
3.45128
5.34906
3.97368
2.73867
3.22094
3.66875
3.99186
4.20937
4.06757
5.02134
4.03051
1.8063
2.61272
3.72929
2.91599
3.88714
3.16522
4.22542
4.04268
4.65984
4.14829
2.87331
5.48068
4.01158
1.17604
4.04055
1.34675
4.05355
0.634412
4.27498
1.65003
5.27885
3.40617
4.93176
3.25731
2.81123
2.55535
4.74336
2.33506
2.9933
2.34293
4.89619
-0.124569
3.38773
3.7474
5.08781
2.93703
2.4796
6.4317
0.655811
3.43337
3.57232
3.31215
4.57965
3.42488
3.0286
1.08479
2.35492
0.663575
3.7144
5.19886
2.77938
4.43322
5.09406
0.646319
2.2947
2.27265
4.62514
3.59708
3.14144
2.85076
1.83469
4.02125
2.99765
5.22028
3.20069
0.785424
2.16548
2.73827
0.181037
2.80639
5.85631
3.99546
3.27185
6.5716
3.34617
4.61801
3.43223
5.29237
6.2198
2.97785
3.22587
4.15445
-0.21354
3.50844
4.63954
1.77547
3.52539
2.53463
6.10539
3.30473
2.8146
4.51388
2.08022
3.93709
4.62193
4.60393
2.68871
1.55154
3.90373
3.63636
0.723315
6.53935
4.62951
3.39204
2.46148
4.63833
2.51131
1.94652
0.393708
3.39096
2.43681
1.78487
1.90521
2.77484
3.00611
3.20779
3.82168
3.7465
2.89228
1.48515
6.01102
2.87126
2.84886
2.34594
1.30254
0.524834
4.40578
4.89927
3.4261
2.86169
3.04463
4.90008
-0.660947
4.74652
5.43064
4.04761
2.67433
3.73892
3.97151
4.09474
4.57913
4.51754
3.8242
3.60909
3.92117
3.5212
2.62066
2.0658
2.73967
3.04715
2.22827
3.06862
3.25194
2.87613
3.92692
4.25736
2.16524
2.23624
2.30741
4.09106
1.94522
5.63951
2.14452
2.17625
6.23293
1.7757
2.20405
1.56996
5.20404
3.78844
4.24639
5.33814
4.49144
4.87852
4.15459
3.66974
1.3845
3.74083
2.79076
4.02208
3.57561
3.90547
2.07365
4.15201
3.38514
3.31646
3.73736
3.96019
0.371262
1.80904
1.5886
5.28722
2.26193
4.34653
3.25468
3.96432
1.1347
2.4147
1.02307
2.81747
2.96659
5.0197
3.56272
4.1204
4.08988
0.387657
4.52017
2.82522
5.16696
3.09779
2.61297
5.84084
3.78049
3.67952
3.73371
4.55675
0.836502
3.78879
1.78461
2.03776
4.09313
3.15253
3.73045
3.96415
0.325611
3.99328
2.04483
3.22871
5.91994
6.22242
2.55737
4.28851
3.99404
0.917841
2.49017
2.20626
3.59827
4.06353
3.11797
3.38925
3.96066
1.21019
4.76902
2.32873
4.54122
4.80648
4.18959
2.92372
3.81298
3.00516
2.18703
4.37641
3.65762
1.05249
4.03119
2.95014
0.37159
2.01046
2.11934
2.73948
2.33224
-0.0833433
3.84922
5.84953
2.53797
3.25565
-0.341797
3.46774
4.56407
3.31576
3.81317
4.82051
2.37352
1.40123
3.1706
1.50325
3.97841
3.59106
4.91746
3.43281
3.70982
3.56817
4.34596
2.81398
3.3554
2.95337
0.957078
4.98185
4.13467
2.27924
5.24952
3.41241
3.89879
5.05151
4.92125
3.70136
3.21355
2.2092
3.2064
4.30195
3.96212
0.898867
1.96725
3.89574
3.62151
3.19345
1.38589
2.29317
3.95426
4.40153
5.73253
0.879463
0.779176
1.36997
5.5817
2.54546
4.54902
3.29692
3.95335
3.80437
4.54838
4.56444
3.74628
5.36462
2.24053
2.4499
2.98132
0.77533
0.111944
1.84422
4.70235
3.50248
2.0263
3.78353
5.21828
5.2182
3.31764
3.84768
4.00782
3.00701
1.7604
2.73257
3.51604
1.43658
5.52978
4.05713
0.692806
3.89288
4.24478
3.4491
3.52094
3.9002
2.83441
4.62385
3.25857
1.32581
3.29525
4.6587
2.24715
4.73964
1.1787
4.15922
2.86687
6.01592
2.33925
5.25475
2.53791
2.08719
3.55851
4.12695
2.35026
3.26514
0.604586
4.79429
2.48888
2.98237
3.39709
4.1062
2.86934
2.42594
1.34675
2.59335
3.78724
2.48235
4.11929
3.45725
4.31117
2.14086
3.99602
4.8708
3.28067
1.73868
2.72206
3.54351
2.59614
4.11169
4.29753
3.01153
1.37173
4.30972
4.54881
2.98395
2.11449
1.3624
4.35097
1.69949
2.79664
2.26044
3.11654
2.86605
4.63444
5.69765
3.83777
2.71264
3.62401
1.95748
2.21397
2.89401
1.60538
4.064
2.51923
5.19265
2.17567
5.43133
3.54454
3.30009
2.36487
1.20132
3.6124
0.132396
2.394
4.83232
2.11298
4.32908
3.79683
3.23048
0.555845
5.19094
2.96178
4.64803
2.33253
1.61016
3.27784
3.67548
1.71793
1.08825
3.56766
4.48849
4.3318
2.1059
3.55735
2.79489
1.76694
3.88112
4.56653
2.99012
5.18911
1.80094
3.23971
3.90496
2.92092
2.58857
2.91931
0.226182
2.61759
2.66538
3.92049
2.13649
1.86649
0.828927
3.12072
3.45054
4.11341
1.67263
1.35204
2.11298
3.28867
1.76979
4.07114
3.27377
4.42031
3.89539
5.73176
2.99318
1.77677
2.60472
3.95439
3.42908
2.31265
3.69082
4.03792
3.78784
2.04596
2.5924
2.98242
1.35733
4.77017
4.50863
4.34917
4.06417
4.14145
2.63417
4.07562
2.07384
2.70401
5.00475
2.86321
4.534
2.95357
4.46672
2.49698
4.55083
3.90413
1.74769
2.87134
3.28165
1.85426
4.73774
0.852065
1.7031
4.70916
2.67879
2.92512
2.36375
2.33024
1.92855
1.99933
4.70968
5.02456
3.13496
1.61032
3.42296
3.40839
3.91698
3.56233
3.25783
3.12808
2.94645
1.51696
2.18612
1.60806
3.30093
6.51729
2.70999
1.93191
0.739651
2.30371
5.00868
3.82401
3.59061
3.54846
3.29975
1.53366
2.43771
1.51328
3.07266
3.69175
4.12927
2.31971
2.68309
2.40698
1.26379
3.35107
2.46903
3.5481
5.23133
3.27812
1.89308
3.06968
3.40004
3.86869
4.17255
2.84548
2.24969
2.51405
2.82678
2.06125
2.3215
1.00633
4.33999
1.72965
3.49478
1.39838
4.28087
5.40871
3.70018
4.77189
3.35858
3.58592
4.3142
1.19445
2.06482
3.63678
4.29499
3.96238
2.81345
3.5378
3.42531
2.42553
5.10741
4.69848
5.56736
3.4275
1.91872
1.08375
2.56352
4.14514
0.775398
3.28489
3.08165
4.71022
4.21132
4.51958
-0.91642
2.15032
3.67639
3.19361
4.94886
2.2904
1.90297
2.8313
3.22762
2.60219
3.25307
1.98208
3.23373
1.17548
3.23601
3.71459
4.36653
4.04655
1.96246
2.0437
4.09608
1.0159
4.97317
4.49515
1.43922
1.64429
1.20767
4.39462
3.77719
3.63434
3.85529
2.96766
1.56276
3.13908
1.97557
4.39211
2.19298
1.16096
2.07059
4.96418
2.17569
3.65809
3.70208
3.38406
3.15585
2.32786
1.74727
3.34632
3.89075
2.76008
1.5775
4.39224
3.06093
5.10233
2.07735
3.44971
3.18216
2.04365
5.08259
3.53384
4.84034
1.71819
5.87304
4.21854
2.05824
2.60785
3.70114
3.10703
2.47546
1.40305
4.17415
3.59059
1.25589
4.73601
3.67563
2.03983
2.96295
2.91659
3.03783
1.99439
5.30796
2.77881
3.28256
2.97319
3.68335
2.76427
2.94145
0.123263
3.20932
2.59163
3.28335
2.67582
2.18898
4.31836
3.24235
4.15602
1.41231
1.55066
2.31317
1.86337
3.57676
2.34305
2.24153
2.76629
2.97218
3.72313
5.41381
3.47297
2.03104
2.98849
2.01791
3.64456
4.08688
1.46293
2.61442
3.43206
4.68636
4.12163
1.7463
3.20218
3.43823
2.38757
2.89747
2.86327
2.92355
3.03888
1.03773
2.86884
0.674551
5.41999
3.79269
7.03567
2.84048
2.42336
2.82196
2.64963
1.82152
1.85701
3.02885
2.48665
-0.722956
6.41607
3.20623
3.00909
2.95344
4.39812
1.71808
1.65133
5.02331
4.73559
0.802575
2.63325
2.24769
1.90329
3.53317
0.661834
1.58561
3.60836
3.60927
0.317477
2.76589
2.39489
3.48386
2.10697
2.84684
3.66318
3.19426
2.7339
5.59725
2.93032
3.71534
3.5874
3.63329
2.86885
2.37783
2.48202
4.85231
3.72846
2.81901
2.59045
2.32229
2.47691
3.64756
2.04199
4.04227
3.4194
4.52567
0.203437
3.11374
4.13933
2.87496
4.25274
4.1535
4.65447
4.95952
4.29829
4.24883
2.32809
2.71326
2.46882
2.94555
3.23905
1.58264
1.76829
2.11293
4.27476
1.69785
3.74084
5.4365
1.96448
5.645
2.27864
4.00117
3.77475
3.71895
1.82644
4.33936
6.18503
4.54572
4.46293
3.88657
2.6506
3.6828
2.8436
3.09595
3.81158
2.88314
0.98371
6.55366
3.24075
1.00475
2.18446
3.59778
2.56898
2.91663
2.15341
3.12599
4.8836
4.25554
4.16405
3.14476
2.29967
1.41013
4.29745
-0.150218
2.48805
2.25701
1.54953
4.30423
-0.272
1.96945
1.80405
4.84439
2.4439
2.25695
2.12851
2.77607
2.63311
3.06164
4.46242
2.86355
2.60541
1.91679
3.54866
6.31662
3.09732
3.89155
3.77697
1.35378
2.84035
2.87588
2.69428
4.48119
4.08982
1.8916
4.7987
5.00275
2.2641
2.25181
2.64608
1.93768
3.47443
5.01398
4.49673
4.13895
5.7914
3.26876
3.60129
2.77015
2.21738
3.96196
4.94471
3.82502
4.37677
1.95819
3.04108
2.62177
4.43961
3.71247
2.55007
6.01398
2.30811
0.191071
1.26708
2.43813
3.4968
3.60369
3.19361
2.83491
2.11661
2.22943
4.46213
2.02987
3.49446
2.71862
3.51255
3.36887
4.37186
4.4988
4.06678
4.49126
1.45566
2.33479
2.49634
2.97393
2.31465
4.01442
5.31578
4.85769
1.71481
1.63579
4.45566
5.52977
4.64308
2.65115
1.85918
3.66193
2.29474
1.91311
2.65691
4.12848
3.27631
2.12071
3.95034
2.89062
4.61648
3.63007
2.60204
4.53792
5.17847
2.87778
0.956135
3.17954
2.43496
3.44261
3.41206
5.16027
4.16384
2.87707
4.90148
4.07427
2.35615
4.33465
1.07585
2.75002
2.4715
4.75257
2.49465
4.69766
4.2005
2.09711
4.37326
0.641097
3.44412
2.38761
4.23032
5.49641
6.11024
5.18313
2.22813
1.88558
2.62775
1.9159
1.01712
4.027
0.59511
3.91931
1.07291
4.67802
5.41505
3.83414
2.71056
1.80411
3.83349
1.71486
2.46895
3.2054
1.02274
5.76414
5.38761
2.31023
1.48436
5.48663
3.17307
2.00569
1.97997
1.14935
1.8152
3.45332
3.69803
2.84115
3.3875
2.12423
1.08163
4.20664
2.77619
2.2373
2.52188
2.05387
1.43144
2.51123
1.96986
4.24466
4.20984
0.758008
4.75313
3.87149
5.02762
2.44845
3.40593
1.85346
4.18209
3.90398
2.13385
1.95402
4.25558
3.56845
5.70916
3.52784
3.91232
3.82369
3.14484
2.56781
3.31722
4.3558
4.45405
3.38617
3.82408
2.81722
2.83141
0.276254
1.92326
2.91878
4.31277
3.70495
4.34787
2.03139
3.11318
3.14001
4.21881
2.79076
1.14556
2.88588
3.17901
2.67065
3.53544
3.16867
0.886608
3.1164
3.59545
2.99365
4.41981
1.92687
3.15554
2.9922
2.79335
5.96473
4.0901
3.33535
3.684
0.443293
3.61438
3.88447
3.79015
4.66109
4.73928
4.33096
2.71378
5.63053
1.88982
2.22268
0.179541
2.5558
3.46837
3.15018
1.54291
2.50605
3.7
3.2347
2.01742
0.167737
4.59267
3.31545
2.77354
5.14071
1.46616
-0.475206
4.08976
2.22955
4.9539
3.72864
2.62448
4.35973
3.01047
4.85207
2.09739
2.49344
1.08934
3.84415
0.703434
2.53379
2.6045
2.9543
2.56875
2.79101
1.61585
2.02664
0.607434
0.342144
2.85611
4.3448
3.984
2.97769
4.51137
4.4553
1.30585
3.98061
1.67065
2.03111
3.18226
3.66592
2.80932
3.11512
3.96169
0.083666
2.91198
4.2684
3.28011
6.14955
0.482065
4.59974
0.745463
2.99914
3.90008
1.54689
5.28921
4.97496
2.79928
1.37892
1.27062
1.14787
1.29033
2.28062
5.27563
1.60412
5.13054
3.16894
4.84883
-1.03734
1.2421
3.08719
2.95946
2.37856
4.26017
2.04779
2.3156
-0.126732
4.12472
3.13632
2.93886
5.9022
2.49256
4.07885
4.72587
1.96877
3.07237
2.60909
3.24622
1.71046
3.3079
4.06517
5.12602
3.98577
2.7168
3.17124
4.34868
3.11143
2.76402
2.91898
5.13425
2.96696
4.61401
2.59041
2.53032
3.87988
1.84677
3.47808
4.00332
2.94333
3.05694
4.08521
2.38005
3.41446
1.01534
3.66635
3.68402
3.08449
2.67295
4.31504
2.21016
3.40503
3.27393
4.74308
3.17743
5.00574
1.87472
3.31015
1.03508
1.50196
4.23192
2.27156
2.9383
2.96189
3.61036
5.00734
4.95337
3.65994
1.62405
4.30702
2.14833
4.39602
5.02702
1.4436
2.06214
4.45414
3.08816
2.259
4.24426
0.300461
2.33222
2.94333
1.38836
3.41227
4.34923
5.32819
2.35904
2.71429
2.92036
3.37645
2.79708
3.72563
1.93045
1.93488
4.47637
2.70371
4.43216
5.31079
4.27012
3.77663
5.03086
1.99205
4.28792
4.33705
2.11144
3.2918
3.93432
3.56203
2.98319
1.5818
2.30622
6.61561
2.87118
2.5279
4.53004
3.20865
2.79974
3.11801
3.99886
4.98069
3.75811
2.67203
2.14605
1.94565
3.73969
3.34931
2.73168
3.63222
4.25168
2.20722
5.4012
4.31303
3.49711
3.93993
3.19264
3.75439
3.27068
3.85986
2.61994
2.95992
3.20574
1.8702
1.76701
2.63072
1.75418
3.42691
4.83755
3.9645
3.60565
1.27852
3.84468
1.38384
1.56776
2.73322
5.70377
1.7721
3.42022
1.80977
3.97226
2.59047
3.22324
-1.2445
5.41995
2.81262
4.33429
1.8748
4.16034
1.76161
2.52425
2.30566
2.59042
2.31732
3.3718
2.65745
3.13642
0.969145
3.27808
4.31214
4.13333
4.08212
4.8459
2.44279
3.62975
0.766748
3.08473
4.06982
1.28225
3.97525
2.79619
2.77293
5.27945
0.976054
3.2738
3.1709
2.05558
0.885549
1.11091
3.84635
2.09475
2.39087
3.25426
3.33831
4.79982
2.12025
4.38393
1.14612
3.56475
2.04993
3.83319
3.84504
4.83313
4.61326
2.21078
3.36061
2.05228
1.85198
2.23828
1.0312
2.28203
3.22088
3.70321
3.86164
3.68882
2.20208
4.34163
1.22771
3.82279
2.90847
2.09295
6.42091
4.63823
2.15265
1.58461
3.27616
1.42391
1.74744
4.63163
1.89591
3.90299
2.70224
4.26572
3.24024
5.99783
1.78682
2.83881
4.16706
4.46895
2.09349
3.98173
2.53878
4.17611
3.6744
1.43031
3.53451
1.87472
0.835824
3.47652
4.22918
-0.0736112
3.45582
2.13884
3.15674
3.54362
1.84605
3.73415
4.15922
3.34601
3.31079
2.53878
0.697588
2.55402
3.61996
0.813578
3.64139
3.40204
3.65274
3.1664
1.86312
4.1439
2.77066
2.76169
4.53859
3.12804
2.00036
3.66939
2.30732
3.76916
1.9379
4.61083
2.88772
1.73172
1.74962
4.43758
5.13611
1.61151
3.28166
3.14323
3.86699
3.50045
2.09175
3.90247
3.14007
1.11043
4.64161
5.88014
1.41401
3.44755
2.82339
2.68815
3.69848
2.5851
3.03006
2.76055
2.74747
1.35404
2.57416
4.54477
4.80152
4.02034
3.31017
5.22645
3.18679
5.48878
2.3269
4.53135
3.40637
2.76662
4.02994
2.72519
3.85996
3.13464
4.40975
4.716
-0.303561
2.31759
2.96922
3.56352
3.77385
3.4205
1.22084
3.0902
3.19702
3.25357
2.72335
2.77543
2.33644
1.88955
1.69404
4.85429
1.07367
2.57057
2.56535
6.14351
1.24653
-0.798322
3.53733
2.58106
3.79134
2.42531
4.71408
5.28086
5.41711
5.39468
3.43661
3.57527
1.829
5.56339
1.64362
1.08596
4.34365
3.85714
2.71963
2.88419
2.74147
5.15722
1.26594
3.09642
0.741824
5.46856
3.66872
2.48773
2.93406
3.11265
4.15912
2.82931
3.30896
1.83125
2.81889
2.40792
3.16821
1.47083
3.32349
4.04636
2.99349
1.87637
4.28466
3.69413
-0.358646
3.5584
2.77563
3.35353
3.29311
5.67884
3.89886
6.45717
3.63758
4.194
2.38191
1.91181
3.00727
4.49293
4.08806
5.46232
2.9979
1.55896
2.23852
1.76002
1.86957
1.85758
1.5848
1.88428
3.30892
2.13273
3.72517
2.37517
4.79537
2.02728
2.22695
0.873938
3.19798
3.53382
2.85294
3.77803
2.52055
2.2824
3.03462
0.220976
3.02886
3.35476
5.26355
5.31217
0.571701
3.5178
4.54896
2.13955
1.76847
3.63656
1.67103
3.86155
1.51395
1.65995
3.37672
1.99434
3.9207
2.66953
3.31294
2.3025
2.03422
2.62375
4.22811
2.82659
3.31691
4.93587
3.26495
2.82694
2.73053
3.75653
1.40648
3.90758
2.35481
4.24178
3.52337
3.2457
3.48878
1.74877
2.3652
1.75768
4.24943
4.66985
3.77739
3.73978
2.46518
3.30106
2.86257
1.15604
3.28849
3.6196
5.80038
3.97621
3.43824
3.24194
4.26097
3.76387
6.07234
3.38827
0.617798
2.68136
3.75724
3.36655
2.78723
3.44605
1.68635
4.48369
2.04068
3.98933
2.59013
2.63907
3.47534
4.4521
4.56095
-0.529897
1.81929
5.7262
3.83695
4.99506
2.91483
1.70144
3.49905
2.90494
3.88644
2.05418
4.59268
1.46028
3.12756
1.82515
2.1911
1.40138
2.78371
2.84956
3.81884
3.79818
3.90586
1.22735
2.02787
1.50277
4.61934
4.04933
2.50682
2.0079
2.32358
5.08847
4.00304
3.54426
3.65006
5.60652
2.3886
3.97844
2.79163
2.82219
2.62331
4.28266
4.66046
3.96807
1.6561
0.704398
1.61597
3.13925
0.960626
2.27504
-0.360085
4.74268
4.04756
1.41211
4.70768
3.42391
2.92283
1.57354
1.33084
3.89529
1.82964
2.29201
4.50728
2.00658
3.61732
3.48235
3.08068
4.64794
4.33508
2.58263
3.3613
1.39431
1.89405
3.09875
2.41059
2.57217
3.14614
4.66554
3.32901
3.29232
1.18478
5.02932
3.33359
4.27653
3.29581
2.33002
4.18934
1.73829
3.58424
4.6714
5.31003
0.968349
3.66313
3.56448
3.72543
4.54805
3.89804
1.9319
4.15741
3.37343
1.85953
3.75413
3.40779
4.74621
2.96638
3.32105
4.36666
2.40919
1.78412
3.55756
2.74528
1.10788
1.67938
3.27151
2.1634
2.45684
1.65904
4.39472
3.18428
4.98215
4.03754
0.755677
1.38389
4.57128
3.86071
3.37302
4.25831
1.49576
3.01499
3.98364
3.43558
3.91317
4.84698
2.35158
2.38236
0.828721
3.05055
0.607375
3.20199
2.51508
2.22461
2.61347
3.34258
4.98967
4.14248
3.71161
1.55373
3.27695
3.4585
2.61054
5.83363
2.45416
4.18663
2.07271
2.08789
3.77458
3.31017
2.13284
4.30359
1.63407
2.02792
0.71124
2.43784
2.13002
3.64679
1.01426
4.45061
2.77108
1.48557
2.81462
2.57541
3.85086
2.89383
4.69764
2.79781
4.09058
2.66581
4.5412
4.20909
4.31448
0.496066
3.67569
2.51589
3.36664
2.81881
-0.2964
3.32138
6.39866
1.3463
1.98808
3.5078
6.27649
2.97634
1.90003
2.89679
1.84033
4.10663
2.15049
2.95117
3.77774
3.94431
3.81438
3.33813
2.6299
3.34892
3.94614
2.32783
0.946541
2.78437
2.72277
1.3613
2.96958
3.7606
1.54081
2.59086
3.27873
3.74947
3.47871
2.52123
1.74324
2.79157
3.95115
1.77006
3.62266
5.57848
3.55595
3.27247
3.91891
2.66346
3.2236
3.81768
3.72357
-0.129171
3.26954
4.25593
2.12053
3.54898
5.99651
3.25137
4.03407
4.95125
2.42304
1.14623
4.00323
1.73265
2.99401
6.00171
3.38677
2.70585
3.98284
-1.51711
3.49386
1.03787
2.77697
3.77791
3.17656
3.68716
3.03267
5.60539
0.669348
3.95292
3.08451
4.14777
3.24096
3.97677
0.396585
1.76626
1.50902
3.89195
1.97259
3.80518
3.81186
1.73157
0.730991
3.25137
4.52037
5.05308
2.60041
3.00318
2.2873
4.89571
2.54355
1.49521
4.15751
2.66531
1.19084
0.722227
2.25455
2.64211
2.81949
4.00567
4.06235
4.96874
4.48415
2.90464
3.51675
2.40432
1.78059
2.10702
3.21456
4.03645
2.46646
3.75412
3.81786
2.46625
2.67531
2.51185
2.03539
4.1734
3.0798
3.08748
2.81626
3.46796
3.18612
2.41064
2.78567
2.91666
3.81866
3.72662
3.00666
2.09802
3.33263
1.78158
3.67187
1.58941
1.09417
4.92904
3.59413
2.04876
0.738911
3.94806
3.47622
3.50373
3.67945
3.46087
5.17033
2.63203
1.05458
3.66989
3.19964
1.35254
2.01709
3.912
3.93908
4.14148
4.83182
3.62691
2.29349
2.70114
4.22638
5.09626
0.199519
6.16297
2.02753
1.71647
1.90907
1.463
0.276938
3.21715
4.22304
0.727295
1.603
2.47895
3.09164
2.44155
3.82899
1.71121
4.53948
3.4086
3.22653
2.89323
3.98137
2.2809
4.59029
3.33891
2.51469
2.86909
4.63078
2.98695
4.46173
2.6811
0.632272
2.78671
1.81726
2.34383
2.01813
2.04968
3.00468
0.268577
1.28241
4.25673
6.19359
0.909699
2.96032
2.92117
0.514136
1.73284
6.64007
3.78222
3.36663
3.79406
1.76039
2.71279
4.30004
3.66471
4.10844
2.78709
3.10257
3.69918
3.56092
2.00276
2.27133
3.62756
3.36487
4.21333
3.91791
4.45921
2.4382
2.81111
3.4834
3.24427
2.50234
3.52948
0.561766
3.93005
3.8865
5.68249
3.9155
2.24521
1.25618
3.1172
3.77369
4.02501
2.41809
5.06433
3.37446
2.24346
2.52563
4.20802
1.46207
2.6716
2.89569
1.28974
1.7165
5.48391
-1.12617
1.39989
1.78967
1.90975
3.64856
3.95667
3.24185
2.79434
2.1875
5.95307
2.75961
5.06757
3.87572
3.07637
3.5679
0.65013
4.09861
0.65202
1.11625
4.26634
2.49669
4.04096
3.25684
2.09139
3.29066
2.74315
2.78111
3.72808
1.89887
2.89776
5.02703
0.796684
4.22905
1.49563
2.99749
3.867
3.59655
2.29519
5.29023
3.20601
3.39063
2.99665
5.10698
4.6336
2.82985
2.09035
3.0933
3.73661
3.94424
0.341127
1.81821
0.1563
4.959
2.63903
2.33758
2.53148
4.10085
1.85943
3.3367
2.72089
5.48537
4.00524
3.39182
2.29915
3.57217
4.33691
4.74488
-0.17965
2.37817
1.05683
1.92818
1.65327
3.5701
0.975372
2.54552
3.50229
4.16248
4.55672
3.13504
3.35904
3.04681
3.4794
2.73764
0.106795
1.98476
1.4594
2.4755
3.18022
2.0945
4.27727
2.93223
3.98956
2.12573
3.24541
2.75436
3.19994
4.14576
2.16509
4.07253
2.59425
4.91964
3.11859
2.13546
2.60772
2.21368
3.9631
1.98785
3.9722
1.59531
4.63129
4.16874
3.63179
4.95099
3.73225
2.34561
2.68638
3.28725
4.88661
2.75239
4.77841
4.51338
3.48182
4.88806
4.67727
4.0494
2.71979
3.76086
3.04472
2.3874
1.06812
2.34753
2.29858
3.64048
2.23144
5.89075
3.96333
3.63562
3.5904
2.05091
3.66221
1.44609
3.40526
3.78485
4.61108
4.03864
3.72306
2.43487
4.37107
5.1525
2.09822
2.1715
3.3733
4.52746
1.54447
3.60987
3.45578
3.48738
3.55898
3.68138
2.88627
2.52165
2.96745
0.501107
3.70913
4.96946
4.13924
5.19793
4.345
3.67154
2.59209
2.12955
3.4811
2.2008
3.9071
2.82201
3.47359
3.2651
1.63562
3.29362
3.8283
2.67826
5.46452
2.7615
3.07645
1.71728
5.42676
4.52987
4.37806
5.66944
1.86389
2.942
3.31918
3.33589
4.31985
0.793344
2.42234
5.79893
2.14206
2.06684
3.76007
2.09967
3.57331
4.06513
4.65827
0.892131
2.75414
1.12269
3.11185
2.82862
3.27286
4.71884
2.68684
2.58643
2.51568
1.68024
3.2047
5.65702
2.62376
3.9124
5.37446
2.07334
0.272057
2.71279
5.25041
3.1925
2.43308
3.2134
2.7619
2.22195
4.04315
4.34793
1.06731
3.84773
4.81301
2.93195
4.5296
1.2172
3.31673
2.5256
2.07784
1.23243
1.82258
1.96937
4.30175
4.63236
4.37749
3.99125
2.49797
2.83165
3.65164
2.94004
3.91773
4.62778
3.89169
3.45415
2.2789
1.37451
3.50115
1.24203
5.38366
1.88385
4.72736
3.34565
4.17701
0.248965
2.51312
2.78015
2.84344
0.357036
1.62358
3.70207
3.34582
1.85385
2.69101
4.15228
3.37594
2.08355
5.67517
2.90768
1.48486
1.75382
-0.473832
3.47516
3.87158
3.40804
4.63644
4.39737
2.43085
4.42579
3.18583
3.02407
3.38964
1.6988
4.3473
3.10474
4.30992
3.73848
1.96289
3.42216
4.7089
1.05042
3.37748
6.51031
2.15111
3.5358
2.50994
6.31151
3.50868
2.51675
2.48505
2.74889
2.23835
3.90305
4.30814
2.14404
3.39178
4.80601
2.45336
2.86081
1.73779
4.54484
1.90099
3.21933
1.45448
1.29432
4.51936
3.28072
1.6605
3.03651
4.58111
5.1951
3.59969
1.63404
3.84768
4.72191
3.41741
-0.296006
0.40554
2.16267
3.07351
2.17133
2.75587
5.52823
4.96687
2.49135
4.09478
2.60956
5.00956
2.56631
0.657034
3.56321
3.45558
0.922164
3.62632
6.43086
2.85251
1.08543
0.911714
3.80533
2.96382
2.98397
1.36884
5.12838
3.65382
1.09537
2.24024
1.59203
1.17622
2.20352
2.79236
2.78648
2.62719
1.70062
4.30496
3.75472
2.5457
3.39019
3.95975
4.22063
3.57833
3.25851
2.08853
2.74679
3.55138
2.85655
4.45937
3.11309
2.51518
4.24445
2.84412
2.12099
4.3323
3.11835
4.10146
2.79726
4.87101
1.22266
3.31646
1.05511
4.18698
5.49682
3.06058
4.91754
4.04176
2.4563
4.90713
2.27576
3.6769
2.78008
2.53666
4.21005
2.6758
1.75434
3.62122
3.46026
2.15416
4.96838
6.08656
4.73778
2.34839
4.63596
3.92973
3.4817
4.16842
2.91704
1.60614
1.89357
4.42588
1.57446
3.46559
3.72912
2.54869
3.81383
0.835785
3.34326
3.43725
3.42059
1.32699
4.71372
2.16283
2.84543
3.38269
1.5565
3.61233
3.35398
3.52804
2.89992
4.5146
4.27344
4.04043
4.16448
2.48828
3.87724
3.19511
3.24608
3.32058
5.14895
2.53007
1.29271
1.21339
2.21092
2.54213
5.99203
2.97565
3.93881
2.53768
5.61373
4.91891
4.49277
5.2706
3.64471
1.8563
3.20924
4.93762
2.98377
1.14316
4.22804
3.7358
4.88724
3.06643
1.85067
2.95334
4.46721
1.32517
2.97821
3.38261
3.89382
4.4724
3.86472
2.84591
3.59007
2.04705
2.36161
3.97075
3.13846
4.84432
2.73787
4.94401
-0.182566
5.69653
3.47531
4.53956
2.60683
3.94631
2.35428
5.75861
3.09247
4.93738
2.10828
0.851798
1.8325
4.29879
4.4196
3.66411
5.41902
4.46611
2.12065
4.62537
6.5683
0.79703
4.0668
1.88559
1.37734
3.88276
1.15296
1.75308
3.46871
4.61471
3.69892
3.37742
2.0888
3.23836
3.64937
1.55347
2.72187
1.82139
3.0605
2.92686
3.93982
3.57677
2.26509
2.95719
3.51227
3.90474
0.727924
5.20893
3.34415
3.23739
3.62372
4.80492
3.32014
1.43977
1.70524
1.55343
4.48742
3.37706
5.13214
2.34701
3.17424
2.99505
2.359
3.33977
2.70599
1.33303
1.53212
4.72963
4.17755
4.05545
2.50491
3.94383
4.48938
4.96966
3.76421
4.73818
5.88798
4.8828
3.00086
3.18077
4.11122
0.97025
1.977
4.17854
3.32818
2.75627
4.22287
4.3831
3.40525
2.89345
3.62136
6.0358
2.16818
3.97312
1.51917
3.79314
3.66208
1.61704
3.73215
1.03409
2.89113
2.01574
3.90886
3.54533
2.90338
1.88247
4.25364
2.94274
-0.0958026
6.15267
2.77301
3.54037
2.75631
4.2892
2.32006
4.8223
3.31519
3.99876
2.64003
3.08423
1.34109
1.9509
1.19727
2.79889
2.60612
3.26442
3.78487
2.50293
3.69406
3.61238
1.93981
3.74547
3.65788
1.55605
4.19246
3.32672
2.99415
5.38009
-0.051881
3.6589
3.21345
2.16853
3.34889
1.83339
2.17482
4.31291
3.27731
1.79557
0.947146
0.673613
4.65731
2.24799
2.21969
0.708893
5.03236
2.21155
2.98701
3.5661
4.36057
0.389483
4.06526
4.74168
4.11178
1.98598
3.0546
3.98485
3.26869
2.54024
3.23538
1.12481
4.36023
3.99466
2.97833
3.41872
1.73369
3.63214
2.43049
5.21754
3.64416
2.15154
2.93067
4.59042
1.59162
3.13563
4.77729
2.95609
4.04727
3.17471
0.969055
2.04291
3.66386
3.29383
2.6707
2.6385
3.60237
4.09478
1.43557
1.57122
3.67145
2.72552
1.93445
2.18877
2.58206
3.1104
1.54547
3.40349
3.03812
2.69324
3.96688
3.27191
1.84366
3.57763
3.90736
1.63466
0.985994
4.93636
6.23593
4.96643
2.02396
3.59791
3.49651
3.5657
1.81312
2.67208
5.84433
3.55255
3.99239
-0.64595
2.98695
2.43063
2.53792
5.12457
2.20964
4.69793
0.483139
0.353484
2.6271
4.24827
4.36573
3.61776
2.44979
3.88626
2.75125
2.00165
3.09607
4.13311
2.63079
2.05707
4.59917
5.09892
5.00382
2.98529
1.45154
3.84689
5.29402
4.22266
4.06763
3.73274
1.23671
3.55424
0.113867
4.63427
2.86562
2.69318
2.35596
3.20308
3.69947
4.73585
5.42965
2.16284
3.86991
3.88923
3.76924
2.77303
3.47973
2.34792
3.44828
4.51911
3.07254
2.20942
3.27035
2.66279
3.47432
4.33576
3.31435
2.98462
3.16726
4.03456
3.96043
1.86339
4.59858
3.42207
2.80708
2.63559
2.40075
2.48453
0.893341
3.49675
2.18218
4.31254
4.27509
4.16592
1.0654
6.00259
4.34089
3.4729
1.82589
2.99493
2.34822
2.55365
1.56811
4.07445
3.39065
4.37952
4.46418
1.24491
1.76549
3.17572
0.450923
3.38732
1.95285
7.45563
4.83434
3.88092
3.37708
3.65725
1.17872
1.78464
4.36204
1.56365
3.19532
4.81675
2.56957
4.0648
2.44524
4.13058
2.20342
3.56064
1.41436
1.96447
1.58556
2.57226
2.79148
1.91763
1.52705
2.22629
3.39898
4.57377
3.53531
3.79581
0.66954
6.05037
-0.39659
2.73948
5.89332
4.39914
2.69833
2.45885
2.40884
5.08072
4.45562
1.96926
2.31238
2.87409
3.29125
3.12667
2.02518
3.76978
1.83405
3.40163
2.50158
3.47578
3.75173
3.1525
4.12551
1.1196
2.4066
5.06892
1.36959
3.92067
1.36584
4.36059
4.95101
3.21802
3.28693
4.53928
2.40993
3.03297
1.86227
5.82591
3.7231
4.17636
3.51792
2.446
2.98737
4.40576
3.40211
3.85399
0.951611
4.28278
3.00128
1.44422
1.14658
2.73665
3.52264
2.08402
4.03631
4.2802
3.72076
1.7547
1.80303
5.34398
1.46482
2.96672
5.5024
3.72829
4.78233
1.61254
3.11517
3.2063
3.11564
1.62723
2.87561
4.34038
5.31193
0.344079
2.7182
1.95255
3.27585
1.52838
5.53664
3.45671
3.70694
2.29445
2.80182
0.66276
0.26581
5.69378
2.2289
2.7334
0.332207
5.15514
2.8229
4.93597
4.14213
3.51743
1.68399
3.36026
2.4726
3.0426
5.02058
1.99762
2.87899
2.67922
1.23541
6.82895
2.51361
3.314
1.46787
1.30864
3.39764
4.91565
2.70802
2.73485
0.949452
3.68527
2.58939
3.58354
2.68487
2.85709
4.19833
3.76358
3.24982
4.46059
1.46821
2.64534
1.86008
3.12031
3.40678
2.12309
2.95742
2.58088
1.33605
2.40528
3.69726
2.84741
1.50404
2.77942
2.73919
3.4555
3.14413
4.68282
2.99387
2.96324
4.11012
2.61076
2.73259
5.71207
4.44816
1.83802
3.6922
3.15411
1.26068
4.60441
5.07612
2.84708
2.79109
3.38816
4.46043
2.27839
1.80157
1.25399
2.01985
1.42837
3.81774
2.02384
2.5271
3.2107
4.0147
4.70454
3.37021
2.35845
2.93366
3.27375
2.74131
3.79151
4.79537
5.2419
2.15419
2.77027
3.26134
3.51982
1.56479
3.1882
3.16649
2.38034
4.40518
1.02917
3.24142
2.79346
2.48114
3.82354
5.0965
4.4537
3.21069
4.48971
3.22959
1.0176
4.21104
4.37198
4.2385
4.0081
2.33745
2.28991
3.33099
5.91671
2.1736
1.49806
2.37066
4.57674
5.42861
0.705287
5.59233
2.63948
4.64289
1.91293
3.97379
2.69646
5.08559
3.13074
0.459411
2.11649
3.56697
1.9371
2.20447
1.61748
5.55964
3.97972
4.28344
2.33612
1.17263
2.51106
2.10014
1.74231
4.53928
1.97771
2.01868
4.25572
1.26145
3.33824
6.34237
5.31032
3.73107
4.14633
3.21032
2.85439
3.85472
2.90511
0.855041
2.59901
2.99154
0.507521
3.31522
2.30647
6.31764
4.80827
3.41119
3.83827
2.59374
2.116
4.45426
2.6042
2.98486
3.21035
5.16886
4.0857
2.37536
4.54397
2.39821
3.82559
4.276
2.8622
3.61562
3.23635
6.14219
3.5291
3.03676
2.18495
3.60226
3.81105
4.81923
3.37282
3.50479
2.58094
1.19975
3.20952
4.53712
3.48331
0.859106
4.85923
3.16387
4.21358
2.77724
3.2859
1.87612
1.78802
2.1083
1.75415
5.59332
0.276714
2.66726
2.92932
3.29889
3.69216
5.6688
1.85151
2.96959
5.58342
2.91439
3.72727
4.20396
3.58029
2.45832
0.65035
3.60858
4.94357
4.41255
3.02897
1.98663
-0.290837
4.83567
2.37836
3.66933
5.09164
2.67749
3.52861
5.80546
5.66591
2.4785
4.4488
3.29148
0.0128163
2.86552
1.49078
2.24872
1.86903
2.6009
2.89252
1.87442
2.00022
2.48148
4.48985
4.64652
5.05328
1.90739
2.46959
1.03582
3.2508
5.67645
4.33924
2.18262
4.26826
4.07656
2.92932
0.33543
3.9032
2.63225
3.61426
3.34655
3.5525
2.39354
2.46317
3.07385
1.71172
3.66012
1.02714
1.08395
3.44118
3.27601
2.96156
5.26191
2.95202
5.12707
1.34206
3.98474
0.289589
4.60894
2.17483
2.97483
4.22815
3.22346
2.64311
3.47717
4.37524
4.33847
3.47521
0.523975
2.17011
2.63034
0.531984
0.429017
2.97646
3.23072
3.36272
3.46175
4.62953
3.05657
4.42121
3.2127
5.35824
3.09765
3.92082
1.77654
2.90022
3.32391
3.74878
4.563
1.22075
4.71031
5.36269
2.85677
2.6747
2.02084
2.25234
1.34934
0.691982
3.90557
2.44323
2.88503
5.00507
5.63897
1.53626
2.15818
3.2376
3.36994
4.55914
2.28867
6.4694
3.0122
2.79736
3.69348
1.92626
1.93695
3.88842
1.603
2.57447
1.60662
2.96601
0.855113
3.11978
5.1059
3.61719
3.14317
2.75817
4.31656
0.92769
2.05317
2.47438
2.87931
3.3916
3.66161
3.49206
4.59817
2.99426
3.49688
2.64112
1.90662
2.36391
2.60515
2.88172
4.21116
2.04331
2.58295
4.78842
3.37054
5.33546
4.89511
2.95903
4.16693
5.31012
3.02051
3.17581
3.40043
1.60817
3.67679
2.02607
2.04654
2.55735
2.87638
2.37845
2.89235
3.30456
3.30979
3.3787
6.14054
5.1696
2.95974
4.52923
1.5032
2.92825
4.4338
3.92913
3.00723
4.09907
1.98332
3.72074
3.82981
2.63918
5.09918
4.186
5.46874
5.14563
2.80777
2.62898
4.05024
3.21561
2.86095
2.98819
-0.28662
3.22606
2.17529
0.603616
2.82781
1.64465
2.59079
5.26195
2.73368
2.7984
1.85557
3.37491
3.67953
2.37711
1.66024
2.6459
5.41218
2.14443
2.43031
4.43065
3.3624
3.93925
3.8341
2.23386
3.82047
4.38543
3.51643
3.17155
2.54916
4.74054
2.73433
2.28274
5.07016
3.33677
2.5784
3.5556
2.36249
3.69549
1.95651
3.37833
2.40189
3.39732
3.25656
2.13404
3.6841
4.44705
3.23018
3.33125
4.26847
1.91777
2.07182
2.47112
1.51259
3.45288
0.709027
1.5719
2.1149
2.95578
3.84645
4.51913
3.60794
1.55713
2.58819
6.47638
2.06668
0.881793
2.27176
1.39969
1.09562
1.25446
3.08457
4.66361
2.08119
1.84864
0.719898
1.76369
3.70997
2.38402
2.04441
4.59202
3.81993
3.01088
2.26659
5.3134
2.86895
-0.117006
2.17528
1.08375
1.67695
2.3432
3.27296
2.74169
4.0976
3.03094
1.40445
1.47695
5.75878
1.51453
2.54231
1.62023
4.33151
4.37938
3.47517
3.80963
4.79255
2.86679
3.55151
3.25386
3.67237
4.53477
3.91536
3.66352
5.79933
2.44882
4.74687
3.54925
4.09751
1.28789
2.3952
2.48125
3.09166
0.0356887
3.94371
2.30847
1.95834
2.95828
4.16883
4.59358
1.68587
3.86043
3.24058
4.42284
4.24396
3.75358
1.95461
2.67712
2.41149
3.56315
2.34192
4.00223
5.80828
3.48433
4.64861
2.65358
2.54281
1.60255
3.55541
4.66939
2.73217
4.13226
3.26529
3.80671
2.21308
3.27115
3.55765
1.28019
3.90925
2.04182
3.1498
2.66957
2.47743
3.46512
1.42886
5.39188
3.92686
2.57523
3.35291
2.49749
1.59053
1.98933
4.7872
3.26423
1.91386
3.73764
2.81159
4.5785
2.85796
5.4939
0.655681
3.02508
2.25585
1.21851
2.31349
3.77454
4.888
-0.185936
4.41363
2.81685
4.71424
2.53999
2.04877
5.53747
3.20288
3.20633
3.62083
2.32324
4.80838
1.96928
2.98469
2.31771
1.49981
1.3028
3.94925
2.94765
3.65409
3.94712
2.40711
2.54143
2.18097
4.29845
3.47045
3.02034
4.07698
2.35359
0.874468
3.20097
3.99867
3.8432
2.121
1.62925
2.11615
4.32265
3.36514
3.35047
4.29749
3.69283
2.33522
6.09002
2.03043
1.16346
1.70823
3.47856
5.34197
4.59778
1.47634
3.60004
2.67685
3.0258
2.26832
1.69515
2.55333
4.31781
2.51339
2.12101
1.57225
1.44558
2.69172
6.17759
2.52782
2.166
3.05494
2.40157
2.92134
1.46585
3.0349
2.77349
2.72708
3.40901
3.97197
2.17555
3.28463
3.32641
4.44964
2.0132
2.09469
1.51216
2.10221
5.02196
2.36716
1.69058
4.34729
1.86965
4.15656
3.92439
3.58077
5.25894
2.51852
2.18293
0.76976
2.31351
5.00119
2.12627
3.37895
5.61753
2.83701
2.99316
3.81954
5.70666
1.97462
-0.184651
3.22439
4.55986
1.73795
3.45354
2.10971
3.80762
4.48207
5.21646
1.74575
2.59564
4.09816
1.55795
3.48344
3.31384
2.29742
4.64652
2.39007
4.08331
2.7213
3.24785
0.787025
2.09219
4.53543
2.02903
2.71386
3.47115
2.86319
5.26258
2.89796
2.79331
2.36552
5.39452
2.74939
2.92472
1.99398
3.29891
4.58358
1.67693
-0.106106
0.931481
3.66888
-0.39464
2.55937
3.27769
3.97483
4.01585
2.16551
2.60294
2.784
2.43286
4.65452
1.21825
3.03225
1.8804
2.63029
2.23895
3.15594
1.69111
4.29441
2.66886
2.03027
4.72867
1.57932
4.9024
2.4754
2.18071
3.46609
1.30747
4.36576
2.80133
3.66003
2.77447
3.81019
3.87254
4.12078
3.02381
4.75323
1.89002
2.2094
1.28602
4.56045
3.03172
4.45744
3.10559
-1.12108
4.65449
3.278
4.756
1.62292
4.68747
4.28152
1.69886
-0.000333469
3.96575
4.52397
3.98369
4.61984
2.21859
0.522506
3.80531
3.47015
1.05257
2.74093
4.51799
4.05781
2.79592
4.5008
2.74929
2.76364
4.58919
2.30448
1.22764
1.84707
1.40159
3.61194
1.81345
4.3182
2.33953
3.61589
4.42443
2.47531
1.75812
6.41425
3.0341
5.79573
1.2177
3.69573
2.18032
5.01579
5.41338
2.29001
3.14438
3.32895
3.00723
4.83651
2.37768
3.16521
1.74773
2.60295
2.32151
3.80546
0.975066
3.67978
1.20822
3.72028
5.46506
1.25748
3.25595
1.61635
4.3792
2.95321
3.7715
3.01849
5.43854
1.27056
4.95789
2.97672
1.54141
4.01723
2.30752
1.92656
2.64329
1.39551
3.39834
3.53701
1.74552
3.42982
4.16002
4.33479
1.84592
4.42787
3.69848
2.10837
3.11221
3.10094
1.53002
4.7814
2.42916
1.15436
4.96616
3.19009
2.51904
3.09715
3.71638
4.31044
4.63731
1.02822
2.19101
2.64967
2.40104
2.32846
5.46591
3.4563
2.24762
3.99715
3.63441
3.78126
4.19448
2.783
0.771621
2.96736
2.98652
1.83866
1.91763
1.81744
4.38006
1.63557
2.04755
2.1277
3.33193
4.45366
2.10505
3.71581
4.38639
5.2843
2.08743
3.41839
4.69535
1.99812
1.45201
5.78464
4.36595
3.09312
2.62045
2.70233
1.5875
5.01136
2.8599
1.48001
1.25617
2.70665
2.2003
4.37083
2.56669
2.64009
3.52231
3.18274
2.37727
3.78906
2.08615
1.48101
1.93164
4.04938
3.79128
2.79875
4.43469
2.94891
3.73985
3.813
2.35623
2.81378
3.79612
3.83534
4.01006
3.21948
5.56513
3.7338
3.93698
3.38601
2.93657
2.4316
3.96919
5.26841
1.04499
4.90686
3.56861
2.23566
3.60755
4.0871
3.12288
2.7448
2.41343
6.0675
3.69511
2.24086
1.25731
3.02339
2.11379
2.8836
4.45886
4.96313
0.867009
4.91887
2.66749
3.72134
3.08418
1.55614
6.13332
4.18617
1.60735
0.150944
2.62748
3.55829
2.60774
3.81754
0.395571
4.41649
2.52053
5.07023
5.58541
2.83251
4.38647
3.53363
2.22581
1.80189
4.91052
2.73333
2.59776
2.78362
2.03551
3.61784
0.228505
1.45815
4.88903
2.92764
4.85406
2.82325
3.18593
3.92304
4.34814
5.30328
0.451187
4.04332
4.94062
0.940021
2.01365
3.22979
5.7941
2.59031
1.88407
2.76294
4.46586
1.97669
2.22056
4.8835
4.91818
0.888411
5.00193
2.433
3.29512
4.41842
0.426783
2.68839
2.84027
1.38428
3.08909
5.35864
3.74386
3.45775
4.12956
4.0277
5.14288
3.68855
0.802934
2.40142
-0.226005
2.82707
1.00978
3.70024
3.43355
3.19038
3.23752
2.55074
1.41756
2.06791
4.84959
1.93182
3.95557
3.78241
2.72991
1.33325
5.21031
2.26552
1.69058
2.74553
0.760642
4.34615
3.94289
0.50524
3.13754
3.50154
4.34779
1.66463
3.71508
5.40953
2.72507
4.77287
2.39457
3.01669
3.59168
1.42035
0.342233
4.53258
3.72962
2.64087
1.75444
2.12882
1.73739
3.18111
3.69868
3.65022
3.75414
2.41964
3.71381
1.68095
2.57242
3.98149
3.90907
1.52903
0.980179
5.48714
2.19473
1.08204
3.60464
4.03108
3.91391
5.12248
3.15418
2.8059
2.36577
2.01621
3.5236
-1.4902
1.87391
3.04424
2.72834
4.07454
0.57346
4.7533
2.67549
1.62259
3.61801
3.85782
1.04778
2.33394
3.76552
0.875924
3.83448
3.14626
4.58383
3.6875
2.37607
2.99374
3.22599
2.8522
4.04194
3.35673
0.706552
3.87137
1.65448
2.00086
4.38606
0.956619
2.22448
2.18286
1.49271
3.63514
1.54783
2.63348
2.8607
4.74092
4.59862
4.56601
4.65858
2.00024
1.3525
2.1049
2.88334
3.93593
2.45328
3.05594
2.59426
0.673316
0.765095
3.97978
0.933076
3.60647
2.636
3.76659
2.66472
5.22381
4.16891
4.27041
2.455
3.6497
3.2942
2.20791
3.86292
2.4956
2.45156
1.51294
5.02696
4.13261
0.902913
3.33346
1.83767
2.85175
3.53276
2.84989
2.11765
1.23406
2.96465
2.52475
3.4303
4.38509
5.85762
4.11985
3.8208
4.47772
3.12404
1.89492
4.14156
4.18695
2.20571
2.67686
1.64078
5.39533
5.38731
3.47466
4.70486
2.857
4.5505
1.9643
4.08242
1.52151
3.13915
2.82105
4.54201
5.60034
3.33373
3.96908
3.71766
3.16558
3.46171
3.36076
2.80886
3.44734
3.15381
3.51807
3.80484
3.43116
3.49345
2.7804
3.89286
3.4193
1.23249
5.56372
3.30272
2.84875
2.32313
5.45932
4.61118
3.40784
1.28265
3.38837
5.37475
2.43159
2.28246
5.01829
4.80106
3.301
2.19155
2.10595
0.643716
2.83424
4.89328
3.75348
4.77541
2.73855
3.67743
3.59791
2.10285
4.12617
2.41399
1.93964
4.02104
2.09308
2.54292
5.4302
5.53158
5.92536
0.881966
5.75329
4.28012
3.06039
3.79526
2.00036
3.22396
4.93912
2.58067
4.34217
3.5096
1.05684
2.76885
1.64705
2.03298
3.46205
2.12202
5.23835
4.85974
1.99784
3.34176
4.8183
3.6869
1.96385
3.7639
3.14628
4.37019
2.78932
5.54759
0.741998
3.60648
0.900041
4.10806
2.88854
2.8363
1.98588
2.78557
1.60043
4.13824
3.07169
2.18935
1.44153
1.69317
3.84666
4.60058
3.44846
3.75797
1.99231
2.98331
4.34685
4.38326
4.76932
4.92131
2.40037
4.12648
2.12597
5.02542
3.45508
5.4613
3.1426
2.06171
0.690513
6.03199
3.84917
3.11293
3.67682
3.24786
1.93023
3.49533
6.35449
3.9531
0.291483
3.66481
2.60206
3.80812
4.61446
3.42052
2.2446
3.3099
0.855354
2.73314
4.46327
2.28521
2.57124
3.54807
1.35786
3.66269
2.70598
2.8057
5.58481
2.78942
3.40035
3.78423
1.28836
3.11348
2.95365
-0.000528826
3.78836
1.90537
4.79932
4.07812
1.63314
2.14491
5.09245
2.90735
5.20159
2.79952
2.88827
5.00591
4.35058
2.24959
1.62679
2.79208
2.58824
2.34868
2.3724
2.7862
2.6685
5.26595
2.81773
2.45881
2.43838
3.11463
1.21857
3.14273
2.92091
0.985339
3.11943
3.0648
3.3601
1.11966
3.7011
2.16941
5.31665
3.44423
3.87704
-0.413283
3.73399
1.65
2.1211
2.96352
3.97574
4.07261
3.62402
1.84252
4.56509
4.32895
2.38906
2.506
2.26843
2.74842
2.5606
4.30253
3.87682
3.3738
1.91283
3.7199
2.39337
1.66751
3.12907
2.19178
0.860094
1.88234
1.36034
2.62882
2.85198
5.96991
3.17495
2.64108
1.00695
5.58475
-0.558385
2.76821
3.07386
0.815614
2.90486
3.17404
3.70137
4.81704
0.776234
4.5966
3.08725
0.793809
1.34853
4.02588
2.07154
2.40149
5.5807
0.684813
3.01026
0.391245
3.43225
2.11615
4.62968
2.42063
2.96953
1.40338
5.35619
2.65993
2.9679
0.722081
3.93704
2.51228
2.27277
1.7113
5.71364
4.68888
3.61483
2.23924
2.94724
3.58832
2.37272
3.66148
2.9433
2.76826
2.9457
2.16634
2.18506
3.48953
3.10555
4.16256
1.61504
2.25995
3.5181
1.12381
3.72984
3.55464
2.38497
4.04271
3.51105
3.63656
2.69616
3.09957
2.74276
2.84821
4.10042
4.24222
2.91158
4.97623
2.08736
3.5213
2.24627
3.66228
1.67952
3.29699
4.47269
2.71126
3.08716
2.81361
3.26733
3.81352
0.849502
4.09314
5.74138
2.64148
4.207
3.2975
4.22139
2.06451
4.67261
2.16295
4.81802
2.01203
4.57791
3.29541
2.84296
4.27759
1.84591
1.67525
2.50274
2.2815
1.69656
6.42993
3.68193
-0.342305
2.75998
4.90855
5.0144
4.81502
2.49184
2.62119
4.41386
2.19993
3.84555
3.5695
3.09774
2.96454
3.02517
3.75552
1.39761
4.31366
4.62765
1.44073
1.8767
3.13156
4.14565
2.67713
2.61116
1.48326
2.18998
3.47419
2.95068
4.42422
3.52331
0.443333
3.4007
4.6628
1.89435
1.34665
3.12271
1.67309
3.21485
3.85826
1.87954
3.70393
2.32265
2.37432
2.08687
2.56801
1.96749
4.41548
0.203224
4.15948
3.04839
2.6594
1.91627
2.23047
2.92455
5.14445
2.2775
3.80726
3.01315
3.21761
2.19034
5.10549
4.03602
2.74329
3.33467
5.91431
3.53198
2.74695
3.85524
1.94764
3.28189
3.76982
2.36509
0.874898
2.49628
2.19239
1.79843
2.72756
2.55969
1.51812
6.05979
2.05211
3.17799
1.54902
2.60391
1.44982
5.20633
2.57377
4.08857
3.98452
4.58472
2.71792
3.67196
3.59496
4.10053
4.62679
5.86165
2.24167
2.50264
3.99353
5.10748
1.34637
4.87706
2.56176
5.40526
2.67664
3.655
6.68213
2.72666
3.39315
3.28708
3.08939
1.54089
3.66329
2.88157
3.6086
4.01794
5.10072
2.41269
1.14253
2.47344
3.95681
0.866976
2.46263
1.9496
3.86371
3.86303
2.57389
1.76712
3.01036
4.69529
3.08933
2.21249
3.1083
4.39865
2.76846
3.1942
4.06779
2.41828
4.43989
0.676088
2.93481
2.18131
1.15266
2.9923
5.84145
4.01376
2.51147
3.05799
4.22337
2.24833
4.50171
2.64014
2.37839
2.5461
1.88937
1.27829
3.84366
3.05664
1.03392
2.33708
4.81171
4.78117
3.32901
1.87263
1.25367
3.46398
3.55508
3.25973
3.82163
2.79964
3.66234
5.60633
2.7533
3.74848
3.09198
1.68742
3.5869
2.16181
1.42328
4.22915
2.10862
2.83148
3.21459
0.608094
2.67571
3.29471
3.97089
6.26448
1.50636
1.43097
2.76244
2.87002
0.564314
1.62868
3.3786
0.685111
2.72407
2.79141
3.24693
2.55594
3.81764
1.67552
3.35929
3.62172
4.05816
3.02228
0.949583
4.27686
4.93893
4.25985
2.83522
2.74947
4.80714
1.00032
4.23881
3.40686
0.624878
4.31828
0.5179
1.93267
4.75575
3.13206
2.41835
3.71278
0.818709
4.45825
2.41797
3.70207
4.18845
1.4629
3.81185
3.4163
3.30983
0.956503
4.6818
3.82171
2.51539
3.54191
-0.212079
4.43852
2.55377
2.72893
3.75711
2.36198
3.59922
2.18735
1.12373
1.71333
2.72108
3.98446
3.04186
2.90702
4.73231
2.40188
3.22039
3.98035
5.63661
-0.608884
2.66479
4.34691
1.21688
4.02698
3.94971
3.94912
2.94484
4.28954
4.04646
4.77346
3.3981
1.85176
4.31561
2.65786
4.35463
3.66181
4.96881
2.31313
1.03442
2.39787
1.67799
3.79793
1.12441
2.90921
2.27648
4.30958
2.81667
2.81052
2.60112
4.83932
2.47789
3.74391
3.44846
3.20236
3.45901
2.02884
3.29792
2.32971
2.96355
4.87134
2.48238
0.650303
1.76817
2.24331
4.35766
1.31789
3.82733
3.54663
3.3126
0.755807
2.04724
3.12724
2.21365
3.17623
3.24064
3.35808
5.67112
4.51959
3.47193
3.26815
1.83164
4.68051
5.69591
4.27894
3.44583
2.59694
5.44641
3.92106
3.9797
3.55746
3.18359
5.34194
1.59548
1.50254
1.82799
3.96148
3.80379
3.43653
3.87986
2.49628
2.2182
2.50357
2.49289
3.34086
5.27226
4.50996
2.89468
2.23405
4.88894
1.45483
3.21901
3.83744
3.26417
2.80299
4.33211
3.26051
2.83614
5.47898
3.25851
3.52139
3.67439
2.68575
4.34368
3.19932
3.61347
0.801902
5.31397
5.76068
3.19603
4.36067
3.85406
4.49837
2.6646
2.67781
3.84427
1.78433
1.58304
3.64269
2.63693
4.0855
1.62706
3.12899
1.60248
3.76538
2.40858
2.83099
2.9571
3.52549
2.9004
1.90043
3.80536
2.19299
4.02188
8.59379
2.49351
2.09163
2.27687
5.2566
3.12158
2.60776
2.89849
4.09996
3.47628
1.74687
2.01241
4.87697
4.64848
2.28633
3.57224
2.00901
2.59505
3.26396
1.4249
3.41349
2.45139
4.07805
3.13917
2.28068
2.9549
1.49523
0.845688
3.64435
1.07217
1.92861
5.01632
2.87001
1.67393
1.8619
3.64378
2.51133
3.48695
4.88692
5.88899
3.16791
5.77117
1.34838
2.22215
2.58215
1.43637
1.7841
4.35276
3.54904
0.852231
3.50166
3.94975
2.54398
3.74712
3.18787
3.47357
-0.0153923
3.24816
6.50872
4.26881
2.10017
4.68351
1.788
2.07753
0.872446
3.21715
2.16492
4.02496
1.49474
0.690728
1.25372
3.60625
4.24535
3.03095
1.65473
4.66863
3.06747
3.45759
3.66662
4.25464
4.87118
4.32347
5.4748
4.20601
3.03102
4.97797
4.64451
4.86013
5.72797
4.32904
3.47701
3.04514
1.27794
1.47506
3.48406
1.18368
3.02805
4.56402
3.69444
2.40219
3.37873
4.82333
2.47712
1.57094
1.90892
1.88232
2.14025
3.14785
2.15358
3.82208
4.13596
3.24328
2.43525
1.02997
4.49826
2.63441
2.97972
4.34798
3.0316
2.22996
2.69203
2.16758
3.07899
2.61798
3.39484
1.79997
3.34372
4.55028
3.93981
4.35034
2.39509
2.14498
1.49453
1.76274
3.3892
2.34485
1.92662
2.43889
0.878879
1.83963
2.63675
0.423572
1.24816
2.53509
3.28588
2.24325
1.51078
3.55951
2.84597
2.98746
3.91744
3.03453
3.24829
3.68474
5.71797
5.38004
1.05557
2.72474
1.83882
2.40612
1.16734
4.25141
2.20701
1.14379
4.33705
3.47928
3.20069
3.97253
1.44359
3.54994
3.95294
3.70347
3.68803
1.57346
2.30938
3.31869
1.84659
3.38651
4.60193
3.25495
0.78647
4.12143
3.41222
0.547966
1.03743
3.48106
3.72759
3.79799
3.03638
1.48628
-0.483076
1.3628
3.63679
2.00664
4.49241
1.70208
4.7293
2.63926
1.18179
5.88046
2.41848
2.91875
2.76283
3.63717
3.5474
4.11253
0.583702
2.3162
4.57711
3.66364
2.06285
2.9346
0.729912
3.50367
3.15927
3.73674
2.18652
2.47567
0.889154
2.77789
4.68143
4.74388
-0.275022
2.9273
5.45681
4.82908
1.88893
3.93567
3.89649
1.34987
4.3616
2.00168
2.33406
2.90504
3.0327
4.18532
3.11745
5.88278
3.1867
3.42495
3.86607
2.34828
2.66165
6.48411
2.85762
2.34281
1.97505
2.32918
3.71275
4.42764
1.6201
3.08135
2.79804
6.48608
2.77125
4.71503
4.45837
2.70309
5.5878
3.29916
2.11319
5.46521
1.39446
1.68832
1.96572
4.04787
2.35479
2.22443
0.792786
