5000
2.51248
0.0892915
0.764418
5.733
2.73499
1.57489
5.66405
12.7524
0.625314
1.81289
0.544707
3.43228
7.27705
0.525559
5.41887
11.8055
0.744759
6.4414
0.812156
1.56998
14.6729
12.4052
1.24452
1.90615
12.8168
13.5764
0.785043
0.572455
0.175794
6.08193
4.63745
5.31415
1.80499
0.414044
2.20372
8.77653
14.0622
1.697
9.19214
5.83185
3.51499
8.71576
2.6446
0.541283
3.73744
8.92789
0.519199
0.299767
3.4487
0.764671
2.44085
1.2852
2.46111
0.555042
3.96289
2.45364
0.249429
0.860213
3.75475
0.235203
1.60603
8.12405
2.83033
6.59058
10.5376
9.35226
5.9379
0.132319
1.66439
3.95003
15.6297
29.7372
8.51579
0.618309
1.19375
3.46509
2.5146
1.43415
0.288868
1.12426
7.52966
6.82473
1.29718
4.7511
4.56037
7.2931
10.8458
1.90644
4.27518
4.24442
6.88452
14.9034
1.65995
0.548312
18.4408
3.0016
6.23848
2.24545
7.15283
9.39121
3.08727
11.4702
3.66
14.2343
12.294
7.93033
5.79302
3.08174
0.0431516
11.671
5.54077
1.49187
10.547
8.45064
12.8004
2.80349
1.50985
2.70017
3.88615
7.35776
16.3756
0.956094
7.34228
8.06356
1.11315
8.27792
0.884522
15.3759
2.45735
3.92294
10.9662
0.402376
3.40549
11.1057
0.416372
1.81624
7.03995
5.22778
26.505
1.39705
6.84795
2.5021
1.90941
1.21156
1.02096
0.631297
2.94702
0.702577
0.461828
1.97457
1.06899
0.553743
7.46101
1.40532
0.731976
10.3915
6.47139
0.814882
8.22722
5.24577
1.40557
7.30825
12.0558
6.63188
1.83436
17.749
3.46288
6.56197
7.42871
1.81525
3.47469
1.89755
5.26131
3.85742
5.64156
2.71977
0.861451
12.2408
3.90251
7.42839
0.226953
7.41718
2.2241
10.0086
4.96763
3.50165
9.96673
7.92033
5.26259
0.130421
1.8137
15.7926
5.63235
2.10952
6.44066
3.08314
3.67509
0.0917981
0.539293
6.5737
3.41351
2.11172
2.99637
1.08907
9.42014
7.53361
6.80067
1.4249
2.11522
17.983
9.82051
1.69104
13.2706
2.36499
7.61451
5.6702
4.75285
9.87914
7.92315
5.04567
8.33366
5.09749
15.4418
2.5222
2.45596
6.60924
8.79733
2.14329
1.33038
15.9327
0.479911
6.29877
6.52152
4.73695
1.20987
9.64854
7.84571
5.75437
1.79683
2.81268
4.17127
3.38132
1.15199
7.60112
5.33726
0.677669
4.60291
6.69433
2.21659
0.075623
5.51232
3.39373
0.586195
7.4207
0.436852
1.65659
1.2492
1.05474
3.96887
2.50158
1.59586
5.32218
5.23453
19.5353
2.75981
4.26653
1.57139
1.8523
5.26413
9.52947
12.2932
4.0294
0.298396
1.86204
5.70186
11.0899
0.166195
5.72229
11.943
2.85393
10.847
7.73821
0.127148
18.9123
3.01546
8.66284
1.36927
11.9159
4.62478
9.22826
4.01618
2.17811
3.62304
5.05448
4.4566
8.82413
1.53327
12.4774
3.88409
4.94756
3.47659
3.08273
7.71186
7.09503
2.37274
5.36499
0.851843
4.35147
0.8228
5.58459
9.41511
0.607294
4.27303
3.74188
9.09032
14.3653
20.5575
3.33674
5.93757
5.98334
6.29118
2.69706
4.05424
18.0537
23.3363
24.476
1.10313
5.20797
3.77415
3.04642
6.00244
1.1916
18.0494
4.24743
0.239099
1.83641
5.02768
6.77386
7.14371
2.51971
2.88485
3.00818
5.09219
3.90007
0.25346
4.36829
5.30994
2.60985
2.1512
0.718117
11.9969
10.3039
0.00737013
8.48026
6.38742
2.02751
5.3061
13.7407
4.28689
1.00721
4.13693
4.1384
6.26249
5.85681
6.45729
0.00387699
3.88422
8.59156
2.53159
0.211977
2.29383
8.50682
3.32878
0.69867
0.261792
1.13615
5.8773
0.763106
0.0419612
0.420964
23.1878
3.77172
5.35622
0.209075
2.24024
8.45441
1.94426
17.8028
1.06127
7.75776
1.58166
9.26557
12.5932
0.821823
17.0921
16.8294
2.77063
0.599512
0.942638
3.85757
11.443
8.85184
5.02551
0.320043
1.34558
13.5787
6.27576
3.85676
5.36144
0.289555
1.83333
5.14054
15.1716
2.45043
4.44122
6.11843
0.490005
2.85659
9.35042
6.20527
12.5537
7.69575
12.5051
5.58698
3.37228
14.0568
0.724887
15.3056
3.43366
0.270697
4.03784
4.92357
3.37592
0.473588
0.295441
1.70726
6.50368
0.650656
7.13321
7.91384
0.324945
0.642234
6.39873
0.088844
6.52371
5.02508
3.84777
8.06685
3.07389
18.4142
15.9374
8.23706
0.967952
4.87583
2.07334
3.50975
1.16862
7.56451
0.64504
6.61428
2.50427
5.29435
1.28025
10.8789
3.88243
0.360419
3.20941
2.34751
9.7663
5.17116
5.73298
2.52452
27.4876
13.8675
2.52071
2.76391
2.32594
2.38029
0.571762
0.146466
8.09034
3.64932
9.43452
2.26031
11.0183
2.6369
0.69852
5.10817
11.8362
2.1562
9.09181
7.78481
11.1321
0.676431
0.393144
9.48767
1.15159
7.24203
0.359865
8.14719
0.338775
0.2929
3.81001
2.17799
1.40404
23.8848
12.6182
1.79296
4.37166
2.26448
4.86373
33.3121
1.46853
0.64841
2.15413
2.6422
2.9183
1.89897
8.84365
8.23218
14.1393
9.40419
2.08854
2.90823
6.583
17.7043
6.40594
8.85928
0.00204231
4.76055
8.86822
1.53216
1.34255
2.37094
16.9209
14.3891
8.88458
9.7207
0.00424938
6.78678
0.483236
3.60118
2.21666
0.939494
0.236338
7.68581
4.60975
9.81283
3.80468
0.309559
2.09002
5.05625
6.99314
2.52302
0.077772
3.5806
0.062704
3.10551
2.51145
17.3092
5.36107
5.26003
0.109078
11.1198
3.1087
0.344116
1.2867
0.95515
1.2797
3.65399
2.00127
0.293499
2.22505
10.0912
1.44782
4.21801
12.1135
15.7894
0.874252
13.0937
0.231927
0.811517
3.5215
3.65641
1.12689
5.05109
2.97354
5.34458
4.71267
4.4611
21.9321
2.60322
2.28854
8.38638
7.58234
4.14589
4.79604
4.47337
8.1817
1.60927
3.36082
4.18789
3.85754
9.75192
3.76533
5.28126
13.1516
0.210968
1.33555
10.6998
10.1266
5.16325
1.12274
8.71352
0.221266
0.884311
2.42437
9.86344
1.04483
2.48224
4.26833
8.91948
1.21721
5.05654
0.561421
0.292712
15.0676
0.113697
3.54562
0.131894
14.2938
1.69964
19.4539
1.26085
7.85213
1.55287
19.1873
1.44039
2.17761
2.8791
7.3648
3.45107
0.377425
5.6577
0.0403405
11.0515
1.62163
7.3519
2.26978
6.14526
7.22261
3.10404
7.54815
7.30824
11.4552
0.860268
5.68776
5.39798
0.129858
3.81385
1.94195
9.62799
2.4101
10.9687
0.229818
5.06627
19.2738
0.945346
8.96778
0.948366
16.4609
12.2475
4.54334
8.99781
2.829
1.31946
4.65255
5.00174
7.3328
1.94203
0.0553627
23.7265
5.54066
0.655926
7.58367
4.13486
3.95493
2.25556
14.6865
4.00179
9.37316
9.70725
1.73526
6.4766
32.5818
0.330158
14.5939
4.72786
2.57875
1.88019
4.98699
3.81164
10.8282
1.18676
3.81794
5.58709
4.71476
1.90991
2.09039
2.9168
4.09846
1.36151
5.00627
2.28613
7.94278
2.82424
1.75764
2.73244
2.54448
4.94586
2.34672
1.32303
3.93958
0.715889
5.11075
0.0994885
3.62114
4.32569
17.8719
2.85731
1.05123
1.76954
8.90772
2.34581
2.32127
6.35674
1.19585
12.0269
3.46861
1.33983
4.28456
11.0236
3.48543
0.422977
22.3845
0.128272
3.78527
9.25453
11.903
2.41898
13.7883
3.16097
3.76998
14.0525
1.0729
2.51855
0.575531
14.223
3.94871
15.7112
13.9644
14.3942
9.97747
11.0193
8.37423
13.8507
4.85439
0.819215
7.49842
13.5584
10.1291
7.99406
1.30844
12.8937
11.9236
0.59384
8.936
8.35246
9.59539
7.79636
1.34055
2.38463
16.5305
2.09276
3.99486
3.12109
0.319489
4.07868
0.55204
8.69682
13.4691
2.77016
1.29308
1.57084
0.0302274
2.78689
12.0426
3.50347
10.2705
0.356204
7.08336
6.51606
4.29015
8.31269
15.9349
2.89148
6.97409
1.93544
2.13171
2.64843
4.08387
7.26739
2.5309
5.80096
10.418
1.59368
3.06106
21.9976
3.53586
0.296892
6.43776
6.82741
4.21134
2.02628
14.5078
5.60479
0.533735
3.72815
1.0436
0.583175
0.204235
1.97194
2.40193
1.60837
2.29825
21.9717
1.65726
8.10885
0.576214
12.6444
7.56487
2.56425
6.38405
0.772161
1.54772
5.20088
0.552889
1.69521
5.31998
0.386013
3.16225
7.38844
20.3372
3.76088
5.75716
1.69044
3.67834
1.17203
4.39964
1.57576
7.20448
8.65113
0.368629
1.16922
2.07598
1.25557
2.56662
2.52654
0.0569446
0.251944
11.908
0.0687502
7.12508
0.626661
0.876317
4.25499
9.30708
2.69711
5.33542
27.4894
16.591
2.82725
15.369
1.26191
3.12699
3.78877
1.72442
4.76988
10.9393
3.50796
1.47203
5.42481
5.63044
1.44192
0.566534
11.1271
1.3527
6.01832
2.30007
7.9808
0.0193742
3.63841
2.20166
3.09296
0.156096
0.116265
4.92606
4.71036
4.22722
0.713109
8.19719
5.18887
8.56146
6.01912
0.981326
3.09231
10.6906
0.305696
4.30048
2.71455
0.850976
1.08712
6.37212
9.04117
0.855234
10.5162
5.9366
6.07614
7.72136
6.32445
2.42722
5.16014
3.32554
4.71452
32.1943
4.63569
1.90014
2.98179
5.9141
2.74235
1.89719
9.20615
2.63704
2.64841
3.64175
6.30312
12.2863
3.11906
3.18988
1.46119
1.32052
1.52979
3.93665
6.1445
0.0224325
2.22677
3.24522
4.57212
4.05974
0.604059
1.53236
6.47545
13.3272
3.94519
5.25551
6.27249
2.3262
12.4847
5.83496
7.49958
8.75832
0.151432
2.55516
7.35069
2.72482
9.07592
9.06516
7.13557
6.51075
5.62872
2.3164
5.25489
19.6676
1.64089
1.5981
18.8816
9.0845
5.68931
1.99374
3.5169
16.192
1.60766
5.61563
0.0757229
18.5547
14.4037
7.74769
14.0559
13.7704
2.42153
0.517301
3.62352
2.69986
13.8076
9.60294
5.16686
3.7788
6.49514
1.26121
6.24929
10.448
1.97209
6.26769
6.47693
1.87832
2.69544
2.96924
7.85689
5.5778
2.10196
2.79576
5.70553
9.83948
3.96094
2.93307
3.69558
5.1049
13.7005
1.60491
0.801565
15.4053
1.8969
0.908018
10.4574
2.53803
8.89955
4.71745
9.01277
18.6584
1.83576
0.873544
22.1201
1.07106
4.01523
13.9579
3.58918
13.0887
6.83764
3.01225
25.7176
2.96343
0.963797
3.17505
1.59725
14.2804
3.76971
3.68683
6.46338
5.93838
3.8477
5.96778
7.5047
6.67425
2.61068
15.8926
0.0447338
17.3618
6.25978
0.253218
8.99425
2.46111
0.533713
3.08494
6.81708
4.31626
6.02897
0.940901
9.50235
9.5805
0.921807
1.45934
6.35621
6.3247
5.0152
2.34311
8.14599
1.53362
7.20139
1.98219
0.12914
1.53791
0.314723
0.257985
3.49581
1.2747
9.87409
2.18955
8.04162
0.636521
2.4786
1.55744
13.6471
9.10801
10.8637
3.32629
10.8666
5.22605
15.8448
6.40419
0.990446
9.32024
3.58072
1.20889
2.18311
0.633884
9.33501
3.01098
6.33228
10.45
0.973512
3.80731
0.843412
2.80206
4.18539
12.8641
10.7744
2.80455
1.55036
16.9625
0.566327
1.72322
8.55038
7.87103
6.74992
5.74074
6.43631
2.39745
0.765301
0.731249
9.01097
15.2528
3.14813
10.9229
0.0725415
9.35642
12.3648
0.89533
2.54631
1.42014
5.30869
14.9849
0.857801
12.2125
8.50733
8.13647
8.95856
9.844
6.95759
2.14162
5.28124
12.0383
0.783421
4.69192
2.97
0.952884
0.669286
7.91349
8.74161
25.6548
21.2686
6.18462
5.16081
1.66728
1.85623
4.05196
4.62639
18.8592
11.9652
5.24769
3.54659
5.01717
8.12506
0.565955
1.18308
0.311351
8.06667
1.98757
11.2195
0.369879
17.0931
0.404079
4.46553
0.302228
24.7726
4.84658
1.28802
3.53221
0.393132
8.49556
2.4603
3.29489
1.12467
9.64805
3.94693
1.54816
5.88352
5.1724
0.826789
5.59271
8.36745
4.14946
8.42688
7.36156
15.2072
4.50132
11.8447
0.910565
7.84036
9.83496
2.0832
10.1911
0.947342
1.15837
1.69813
3.05414
4.19676
1.99904
0.908972
3.17483
10.4655
10.6745
2.52045
11.6195
12.3866
5.68574
3.17843
1.1099
1.96173
7.52398
2.75283
1.71489
3.23643
2.24329
1.24883
1.55237
8.26067
8.01033
3.71179
1.97904
0.288088
8.62596
5.06524
6.65488
0.114499
0.150382
0.504055
6.17347
5.46172
4.04376
2.82189
10.7252
2.10077
9.23045
6.93213
6.23193
17.5615
0.952827
18.0638
0.00467874
0.637735
9.84569
4.28087
5.29873
2.16178
6.80312
2.522
19.5261
6.56273
3.11927
8.91261
1.24628
7.56127
5.80946
10.2811
8.91397
0.0375265
9.98595
11.9738
2.84353
3.10251
0.234823
0.515036
10.6861
1.11601
1.56538
13.9743
0.65435
1.69277
15.437
4.56529
2.42704
1.68695
2.24989
0.362764
3.94235
2.12063
4.89623
0.544203
0.0786574
1.97882
4.5424
4.17234
0.132277
0.794916
3.77997
4.20604
6.07739
0.162465
22.2899
10.1054
10.0659
3.23908
15.7347
5.05143
9.83001
12.8243
20.5422
3.82824
4.91222
1.33631
7.6457
12.1062
5.85643
1.92829
2.662
10.3479
3.84774
7.11267
12.3882
0.808452
0.0884773
4.14736
7.15668
20.3621
0.675323
13.7489
3.12318
7.47984
6.26675
8.46776
8.14859
0.0287614
6.32485
7.34958
3.95306
3.97714
9.40541
19.6843
3.62499
7.47519
0.765449
4.0858
4.74469
1.58016
1.53919
0.758937
2.36929
4.35445
1.95839
2.21368
10.6117
1.0169
2.00047
1.92303
5.61953
1.77232
1.18152
0.150062
0.464842
1.33851
1.63559
7.05284
2.49372
4.20555
28.0198
1.19845
4.44255
3.84469
0.212742
6.84226
3.0735
1.59611
1.30942
2.56922
3.83383
1.56354
3.96225
2.73506
2.62349
20.4428
1.72885
10.4371
4.80673
1.84689
2.58081
2.19537
0.713874
15.4475
2.02097
1.95555
0.321306
0.344301
7.84531
2.50872
3.70837
12.3219
1.44395
0.403262
0.737741
0.219697
1.81502
17.7544
0.367321
1.5758
9.49476
11.6915
5.57096
7.59095
0.0797959
14.6899
1.03637
19.2032
3.79132
1.59879
4.81558
5.40286
4.9
10.0521
0.156508
1.96209
4.19104
0.42982
2.34043
1.57407
6.3766
0.398808
8.446
16.3273
3.0771
6.42384
5.77104
0.453172
6.16912
2.24266
11.5006
2.01432
6.97469
8.78894
2.15916
0.795937
2.23769
3.059
1.72443
5.12276
3.92155
7.6079
6.70339
2.81407
0.99794
9.58272
1.8549
3.8742
3.11115
2.81153
2.6763
3.79938
8.92531
4.76134
9.55641
8.33703
8.87369
3.24808
3.9674
0.992846
1.46159
1.15971
7.32517
1.784
0.0979959
7.59999
8.38216
0.24544
10.2429
5.19653
13.5448
5.08942
0.8886
0.338193
1.78842
0.928047
0.704971
9.62443
4.3316
1.63244
1.98201
4.97699
0.635416
1.26882
18.2629
4.41807
7.57121
0.958522
1.73935
1.12092
0.437754
16.0341
1.45184
2.38132
1.14021
1.37481
5.491
4.14739
8.27471
0.206583
4.89918
9.00579
21.7083
3.66652
2.26289
1.68892
16.6739
2.30911
3.85631
15.9748
2.81575
2.1113
4.07954
2.36892
8.81496
8.7623
2.80907
7.72114
4.10518
0.53241
5.43559
13.1598
0.782364
5.55796
2.30987
0.599294
4.01595
0.0486603
4.06031
15.5056
11.5839
4.29653
9.10443
10.4704
0.08099
7.02881
2.04561
1.07253
2.63614
5.2192
9.58341
5.50329
2.26717
1.34469
6.3304
0.397772
6.29319
2.19469
5.97424
2.58353
6.42976
1.34684
0.350906
7.14598
1.41141
0.850747
4.26698
12.4161
3.08819
3.93559
0.465695
7.16743
7.17432
2.24967
4.7135
5.73636
0.0227611
2.70676
1.11177
1.14747
0.291407
16.1205
13.5178
0.817392
6.79201
5.6961
5.71271
4.55929
1.88294
8.16772
11.2522
1.37545
1.53804
2.46679
3.91116
17.0578
8.28597
3.04167
0.665256
2.04812
5.3281
3.61108
2.17058
3.32298
1.41217
0.124821
5.19489
18.6911
1.25109
0.0072716
3.46317
1.13024
2.0287
1.33243
0.339428
0.162694
6.37082
4.71763
0.302622
1.11537
4.80205
1.88839
0.254519
9.11645
4.87884
0.765458
4.38044
4.40901
1.45398
4.84111
1.51746
8.04216
3.46372
0.61668
3.92128
2.36045
3.13043
4.85746
0.244697
4.3641
8.20895
3.41514
0.409166
7.90416
1.3211
6.25668
0.198199
4.12696
24.891
9.39171
6.42309
16.9985
4.10567
8.69408
1.54949
10.4394
4.43153
2.27153
2.15338
8.0598
4.90132
3.69513
12.7303
16.8754
1.34773
1.77587
2.37273
5.0939
4.68104
0.886528
2.79663
1.88891
1.37876
3.22826
0.950263
0.364572
20.1673
2.17889
0.925934
2.75291
2.90968
2.63521
8.98629
8.73628
7.89619
4.57328
0.514593
4.48196
3.88258
1.82955
0.224876
2.11874
4.26078
0.469629
2.38943
7.59125
1.4508
9.71698
0.803075
0.725644
0.410094
4.18097
3.80573
6.24455
1.51025
2.39872
6.56829
3.97669
0.936244
1.6452
2.7492
2.47089
7.52945
4.36852
18.2591
1.22603
0.985411
2.4449
2.71942
3.32613
4.94368
5.41964
7.65648
12.2918
0.616125
14.2641
0.640363
2.33012
0.0203375
4.82829
12.087
4.67601
3.98737
1.23277
2.29413
2.8708
2.02538
18.797
3.84524
11.3908
0.184889
0.452645
0.747844
2.22161
4.6153
1.35337
2.33323
2.76572
8.27966
1.83852
2.82401
10.1059
0.34922
5.49681
0.446011
3.27529
3.73226
5.68339
12.3366
6.00255
1.98852
20.3328
1.37397
4.47269
10.1551
6.87635
12.598
3.78179
2.53841
4.60016
0.314851
3.00187
0.996188
0.938512
2.60402
13.2327
7.83286
3.37557
3.61205
12.0696
0.589375
14.5493
10.2247
2.82272
2.96219
12.5394
5.11338
1.09293
16.5851
5.27352
9.88694
4.1894
6.43053
16.2801
8.77203
1.45259
1.23486
5.98426
5.40998
7.23112
1.89662
4.16692
0.993596
1.47718
0.968486
0.229308
0.249874
3.86947
1.10574
3.20313
2.66448
5.55655
8.0884
1.03242
3.72815
1.00919
8.88424
5.43567
0.0649529
5.16251
1.91723
6.40598
9.9795
9.5687
0.622753
16.0625
2.9886
0.414396
2.62381
4.82565
3.8827
3.398
1.77833
0.0543935
11.4629
12.2536
3.12089
6.36287
0.188307
7.00793
9.10083
9.72363
3.18277
8.46112
4.45586
8.58819
1.82496
4.86205
10.6166
1.34297
2.71566
1.69376
1.60553
4.89127
9.52302
4.33935
0.890549
2.42256
1.05855
4.66244
5.75765
8.38453
4.41359
4.41645
3.9837
6.16111
3.10021
14.9326
5.22746
5.0049
5.6018
8.60475
4.08288
1.79427
4.3736
0.259891
2.25413
14.6228
1.41904
13.9575
2.85367
2.64708
12.7393
3.40705
3.64435
10.4801
1.09475
6.41814
1.95945
6.26915
0.682043
23.6854
1.5927
0.672557
0.39889
0.273495
0.691855
7.89938
9.63957
1.45282
7.93539
1.37374
0.0645202
1.48385
2.55312
6.72071
8.89775
4.11055
19.5494
3.33617
6.49186
0.953902
10.1968
7.74559
2.70243
11.2246
18.0642
0.253558
10.6037
8.13506
10.5172
0.714478
5.46867
2.63812
3.51368
5.59389
0.517616
2.87313
5.57818
7.25819
0.124185
5.09922
0.28256
11.8259
14.1792
1.93874
5.93801
0.799684
6.91243
10.9739
0.424695
0.568594
9.87322
13.2979
1.24203
18.3046
4.5227
13.3125
10.1452
0.953378
3.11194
8.79561
1.95051
9.97578
0.43277
0.778429
6.43468
9.83061
1.23575
19.075
0.392191
21.8156
8.01082
9.84191
6.57063
5.87493
5.62829
11.675
0.0233864
2.81427
4.24343
2.05425
0.0177933
2.75864
2.10192
1.97713
9.79093
7.67716
1.22713
17.8992
1.51712
21.0634
2.44184
1.28393
1.00508
11.2186
6.85344
0.701462
14.2977
0.472683
2.52313
1.2949
10.3694
0.0427885
6.808
5.39429
8.44836
3.18844
6.87815
3.18536
2.08126
5.70346
4.93265
9.79209
2.18098
4.78874
1.15468
7.05753
1.69763
1.80922
6.90811
1.04522
2.55363
6.81023
4.61446
0.622355
8.67536
10.5827
14.7804
2.47802
0.437572
2.76783
8.41447
8.72419
3.47616
6.82788
16.848
7.59298
4.04814
12.9493
11.1218
1.37139
0.924735
0.959339
3.41422
3.9717
5.4833
11.4044
13.4441
2.1755
14.4522
4.34721
0.991263
0.0884829
4.35906
7.38315
9.86138
1.04778
0.922153
1.04347
7.80627
2.43356
3.28479
9.73582
3.88518
1.7348
5.50557
12.521
1.72633
0.146512
14.3175
1.01305
0.460912
4.85199
0.50192
2.9103
4.18029
4.01993
14.2118
1.12424
6.59261
6.46853
3.4126
8.46537
1.66686
2.05191
12.0368
5.30044
2.10447
9.1847
4.34766
8.47385
5.44102
0.475923
14.9582
1.97801
7.94175
6.26808
0.504657
3.21595
7.33282
2.0643
10.7646
3.07902
0.762063
0.517581
2.0052
6.39568
0.736597
9.33131
3.13654
2.78827
3.84035
2.14924
15.4879
22.9065
6.35326
11.5186
5.83927
1.8454
0.0866193
5.38171
2.48715
2.55159
6.04933
7.62375
4.29922
5.23727
1.20276
4.89739
4.32367
0.69493
3.3816
5.99502
5.24974
12.3566
6.1521
3.95164
2.569
0.485491
0.779454
4.28302
6.19145
2.18041
2.57496
9.29374
1.13245
0.435361
9.62722
21.4817
25.6186
0.772667
5.7143
1.85013
6.79433
6.27284
6.27434
0.826918
0.078031
2.02369
1.7101
2.14543
8.53024
1.0366
4.65873
7.74733
5.84187
0.12493
19.2099
0.329731
5.33786
8.83912
0.64122
8.65487
2.30873
6.93778
3.74883
7.14505
3.36491
3.30402
9.21818
0.0513582
1.02332
2.4092
0.298814
4.47395
4.5977
7.71541
2.23179
0.199632
0.0268556
4.46912
20.1512
1.56722
2.27144
0.859692
0.463886
2.6651
10.5457
1.73621
12.4417
0.137201
5.46428
2.92218
3.20607
3.98124
34.1925
4.37186
5.05152
16.6179
26.6765
4.38393
2.97044
21.0018
11.3644
3.13412
0.752716
20.2643
7.53971
2.29943
3.15219
0.269218
0.0107922
9.71344
2.46242
6.86582
9.05057
3.48727
0.642008
0.332944
2.54589
2.72614
2.25608
0.199649
0.305274
1.69038
2.45002
6.89857
0.012451
1.12737
9.86562
1.40996
4.33674
3.53911
2.45967
1.14955
3.18205
4.02986
7.21815
10.155
6.35819
4.56689
3.78405
13.3037
5.82267
8.70121
4.55311
21.8496
2.97396
2.74092
4.58702
3.61123
4.67647
0.829507
0.8495
0.765353
1.69425
2.59508
2.5862
14.7325
2.00817
1.29802
6.63616
0.915261
3.75011
7.61419
2.85481
3.89067
5.77469
17.7184
1.28532
6.06965
1.50525
1.80514
2.75172
0.943296
1.83143
1.8645
1.33146
5.33509
4.87502
1.91069
0.391602
1.27825
9.58225
0.309116
21.4464
0.868849
0.850687
2.62059
2.02872
1.65024
1.6311
0.813426
7.68801
1.2302
8.7533
0.0819472
8.03422
0.101586
0.858675
1.85067
15.2623
0.471626
1.60528
0.0904686
10.8614
4.20652
2.5496
7.27115
2.50537
9.27876
0.422154
3.98097
4.78368
5.98307
2.91746
7.38043
6.63098
3.45773
0.882704
25.3223
24.7673
3.22029
2.01955
1.13374
2.91325
28.2509
4.08228
2.78035
3.8884
1.16753
15.5789
9.02245
3.59182
1.20817
3.5671
0.33336
5.43338
2.71896
4.68239
13.1289
0.966741
2.32728
0.815678
27.6677
9.07022
4.87191
2.44222
24.9091
2.01738
3.04837
1.06215
0.476101
3.29596
0.131708
2.22741
8.81088
2.61742
0.780407
1.24694
3.19775
0.0332471
0.638769
8.52435
3.46701
4.41192
1.58034
6.00233
0.506297
1.6262
4.50094
2.53298
8.37071
5.56249
2.47407
0.882933
4.95773
0.946293
2.4359
1.27789
13.1756
1.27174
2.41855
0.217419
1.38267
0.87366
1.8605
1.07975
2.53118
1.31595
7.91003
2.39991
0.761208
6.40044
5.24559
0.101847
19.683
2.72341
0.704799
2.31715
1.07061
2.25247
3.21121
3.70644
9.95434
11.1195
2.01958
1.59599
14.4307
1.36275
6.04685
1.6154
0.0570311
2.03616
4.13806
1.12734
7.87371
5.198
5.86174
10.5398
7.73216
4.87528
5.36494
0.515573
3.05329
0.159367
1.70455
2.70017
3.94786
5.84514
3.19754
5.37281
0.858246
0.692916
7.93436
3.66579
0.994372
1.99588
1.14143
2.596
1.08218
7.39828
5.49059
0.477731
1.69099
8.14784
3.60985
2.31613
0.427209
4.65304
1.57533
6.5019
3.30612
2.96872
9.5685
0.0652119
3.16738
7.79058
0.288976
3.87494
4.47718
24.3119
2.03847
4.71363
9.3771
14.7642
1.94922
29.9659
1.03342
1.00821
1.2679
5.47105
0.466666
5.00945
1.74042
5.4288
1.16767
1.96456
0.199436
2.61441
1.55396
4.62653
0.855067
2.74273
0.187855
2.11259
2.06121
0.83252
3.11035
23.7868
5.84713
4.14466
8.64866
4.19213
5.34863
1.66014
4.22884
3.00405
0.792676
1.87155
0.729325
2.8118
12.0315
15.3533
4.38736
1.20768
1.34519
14.9464
0.907046
1.34834
8.65901
11.5177
2.37325
5.97337
3.61379
6.42456
2.18055
5.929
9.38037
5.96262
3.33678
7.31466
19.6557
2.62401
26.9964
3.63066
11.5549
3.03517
2.80692
6.5099
10.5403
15.6592
6.34345
4.10464
1.81123
2.00416
2.77018
1.51397
2.26669
1.38789
0.327439
6.06926
10.1162
8.75041
1.71975
7.17153
0.443425
8.22514
1.56059
3.33792
6.1468
1.73339
2.55659
4.50308
1.8575
2.81916
7.14746
3.08266
5.58527
4.56501
25.6539
16.8071
4.49008
4.71138
11.7533
4.9148
3.25061
13.4422
10.6653
4.08089
2.26104
2.84047
6.51636
9.40295
5.78309
11.842
1.70141
0.542465
16.0599
0.332451
11.5713
0.943186
0.000185382
4.75385
0.774897
10.8822
10.9458
0.329472
10.1657
4.69605
9.73254
11.7168
1.73744
7.60955
16.6347
1.25217
6.94642
10.3135
1.54962
1.05353
2.24041
0.857194
1.43514
3.33826
1.5555
1.74335
2.89324
34.3087
0.470031
4.2237
0.399763
5.65223
0.257641
2.93965
4.70428
4.94776
7.02032
1.29759
5.13719
12.5702
3.79041
9.83476
1.37678
4.22163
0.560959
6.47839
5.65064
1.91093
4.93841
0.316851
3.85625
10.1108
2.22396
4.04598
6.45012
1.83483
0.228404
1.48916
1.79373
1.93927
10.7032
1.4589
5.07574
3.89072
7.40484
7.50533
1.19214
2.32207
2.428
1.3257
1.415
22.8637
0.0415106
5.21324
7.65196
4.16827
0.676007
10.6581
4.49889
4.79503
1.70491
1.47774
4.1463
1.21954
4.72663
7.95941
0.391328
2.61887
16.1772
0.785138
2.37267
3.57163
2.85919
6.266
0.435977
5.83395
6.17168
11.1365
8.64395
5.7266
3.92639
0.679001
2.36627
2.48963
2.23991
0.650126
1.38638
2.16293
1.01519
7.76221
3.56576
10.8754
0.799257
4.19518
0.214852
1.67704
1.09165
4.60089
0.140274
2.02248
5.00036
0.27219
0.664068
15.2948
5.38281
5.3191
0.263215
4.36687
5.588
4.81106
9.91663
9.79928
10.784
2.19326
5.56143
1.16786
8.9776
8.81036
0.482617
5.83204
5.99268
1.47043
6.9207
15.0688
1.38297
11.0225
0.207638
11.3989
15.7646
1.82687
15.4037
0.219346
1.21492
7.99742
4.27728
4.04268
8.68838
8.29895
16.5856
6.30845
0.172833
2.97915
10.1995
0.112968
1.09285
6.71105
1.39891
1.99598
2.81523
2.34064
6.33319
7.1144
2.12193
2.65979
4.54017
3.99952
2.96466
2.77335
1.56595
1.94903
4.36343
10.1186
16.7058
3.81606
7.08657
2.40878
1.1413
0.360853
7.65466
4.18568
2.10403
10.417
9.74368
2.92381
3.24219
2.18779
0.291131
0.625242
0.48403
9.4616
4.46973
8.67288
2.30322
1.94285
9.35079
11.8719
0.794604
5.48889
1.03551
6.30382
4.44624
4.65192
7.84015
6.18829
1.43904
0.210345
1.80418
1.3186
2.92505
7.12767
1.40184
4.08313
5.56655
11.2125
3.21184
4.74606
0.25213
3.32696
0.112752
3.66921
5.23313
1.95046
7.02768
2.48155
0.90698
0.269658
2.25237
1.48683
5.09875
3.42
1.26193
3.88551
7.9712
1.93577
0.376816
9.2322
6.22111
2.70523
1.54345
2.43308
3.58509
1.7844
14.2088
4.20646
1.80737
3.71259
4.57118
1.69822
5.83681
6.45385
7.96393
1.38455
8.28504
9.37607
2.61038
2.42522
4.58808
13.1056
0.730558
11.0755
3.62872
7.67572
0.788061
3.47826
1.20799
0.11015
1.65794
2.49038
10.6221
3.78113
2.38869
1.53955
0.042426
4.36234
2.1322
3.18037
4.54797
0.327137
7.65469
4.51957
6.03229
3.93516
2.92646
2.25675
2.88596
3.53159
0.32611
5.51016
0.281751
2.83959
0.338503
1.36737
1.11217
1.57246
10.194
3.51966
3.53578
13.6678
5.78133
0.159175
5.89562
1.32705
5.02394
0.704821
2.82984
8.13772
5.7217
1.63432
7.42977
0.641051
2.05105
0.209381
1.84415
1.05214
5.87656
2.34835
4.43464
5.14813
0.375952
1.3954
5.24975
13.4815
2.78283
1.32538
2.77018
1.48687
6.54498
1.07778
1.12544
9.46164
4.71861
2.15185
3.90514
7.85691
5.7648
2.89436
0.38014
8.97521
3.0325
4.84489
0.36613
5.85753
3.19436
0.513847
2.59392
0.674981
16.5855
6.00686
6.34783
6.68011
5.32483
6.35504
4.63774
0.146078
4.39706
5.83665
3.97697
4.50777
5.73087
0.64126
13.5053
0.841522
1.30742
2.40081
19.1946
9.11298
5.63795
3.15044
17.8016
0.311332
6.8043
2.77409
5.75858
8.22492
0.599309
4.5172
3.30409
15.105
5.72761
5.05499
1.1405
29.2196
0.151474
3.80754
3.76775
3.01971
3.61245
4.19525
0.861054
8.84696
7.14284
5.72795
21.1346
2.24396
5.11334
0.819445
2.65191
1.79799
0.428461
1.99638
1.78001
11.1492
4.80931
5.00712
2.73231
0.784312
0.379199
25.6978
19.937
4.6848
0.492983
1.03152
0.674638
21.133
1.60188
14.9223
7.38962
12.1054
2.65686
11.5372
1.18108
12.6622
8.28972
12.407
7.44402
0.75015
8.3945
25.3181
11.329
4.01954
2.38177
0.702286
1.60404
0.396356
3.23602
5.24301
19.1904
3.47799
7.42599
1.08221
9.21982
12.4674
4.86208
12.5859
0.205249
3.27242
4.26361
0.579891
4.12002
9.40423
2.23614
1.14933
11.0938
3.77938
5.03506
8.04956
4.48826
0.682178
2.44073
19.246
15.3756
2.07886
3.21819
5.73705
7.26243
2.81773
0.32891
0.848941
4.79594
3.13879
2.57891
4.92835
3.25778
1.90283
3.25516
8.09194
4.64746
11.2862
8.84327
4.39955
0.767163
2.03869
0.3487
0.435231
3.16518
12.7674
1.76009
0.291158
1.13315
11.5628
1.06255
0.694328
7.78753
9.67935
1.87819
0.57753
6.62005
4.88182
12.7822
2.54799
4.39014
0.368973
1.40827
2.72367
5.08304
2.68867
2.57759
0.0568605
7.84068
0.404999
2.05784
9.16143
5.94958
0.36208
3.30221
6.77811
3.39824
6.25662
21.8795
10.829
4.13042
0.282209
9.03618
1.96423
1.76571
28.4687
4.24189
0.647864
7.8653
5.49717
3.50711
9.72971
3.46734
0.613931
5.25027
4.00592
0.061556
7.94868
4.26985
21.1324
1.35598
9.56073
0.111145
2.83577
12.3753
1.73594
1.79058
0.632556
0.191554
10.2016
19.6415
2.22484
2.66971
8.18846
8.28528
24.8473
5.47729
0.680591
10.7909
0.794786
0.873139
11.0093
11.8829
8.18913
1.42282
1.44583
5.69969
4.03276
0.312603
4.73203
8.63268
7.26214
1.06868
1.73995
4.5467
2.28083
7.04375
8.36449
5.23483
2.01779
2.11715
0.731184
5.33164
4.94951
13.1108
3.32689
12.2377
4.34313
3.10153
1.89616
3.61283
0.981495
12.0227
0.840359
0.129168
2.19965
1.13741
18.1068
1.8273
13.1631
0.0399797
6.68388
0.0591959
1.44823
4.21909
3.19373
19.8683
7.46146
4.52109
7.07012
7.02032
1.29075
2.62346
13.5776
2.96337
0.303067
4.14025
2.59701
0.975081
6.70316
1.27795
0.370412
4.38376
1.17762
27.2442
9.98607
16.3933
5.03336
6.30017
0.376635
1.7564
4.24973
2.0401
0.877938
21.8903
2.62842
4.70724
3.39431
0.52406
1.62188
2.23135
0.595125
3.8725
9.651
0.107082
4.28042
0.0484152
7.36505
5.93567
6.72234
1.58363
3.70014
10.4103
14.1194
4.63538
11.8928
0.145726
3.25164
6.26805
0.314017
12.1104
21.7867
2.42394
24.9103
2.2687
2.95165
4.90327
17.6651
3.47545
4.36551
7.44045
2.42726
6.57869
0.176129
6.93938
10.7018
5.52846
3.76841
3.24255
16.7914
4.42385
7.1602
10.0317
3.37574
8.02185
3.39622
1.85523
1.74683
3.39516
3.78749
1.79977
0.803246
4.81371
1.45145
2.92372
1.93423
5.45461
3.62303
4.97505
6.46334
5.40584
0.103283
3.93067
5.03899
4.9315
2.76322
0.270639
2.33323
2.82298
13.1725
2.70324
2.91802
8.15162
0.263461
2.03001
0.600097
9.82983
9.20525
12.1579
10.4907
6.96986
6.92653
13.4991
5.39644
1.57762
1.07044
12.0343
10.0642
6.09423
12.7223
6.73093
10.9203
22.8965
1.928
7.42693
12.8385
10.7297
0.887755
7.44777
0.145145
5.28656
0.682398
33.3919
5.74237
3.08801
1.18444
4.07247
14.1601
1.5344
4.96536
5.67343
0.600879
0.556393
3.17955
0.906978
0.234926
2.75528
14.7664
7.0516
2.17797
1.17114
1.70131
10.4937
0.22773
0.935048
0.23072
2.76311
9.23851
0.843228
12.4853
9.93082
5.40029
5.86553
9.45659
15.668
0.514478
1.41762
3.02067
1.35675
7.80908
2.5763
3.26522
0.910509
5.13836
2.05713
1.72197
13.0803
4.098
4.06537
3.07651
5.42813
2.98097
1.02497
7.74117
1.07625
1.02147
3.20052
10.1369
2.58767
9.27912
1.67002
6.94981
7.02944
10.0276
3.96947
1.83446
1.07685
7.21619
1.64566
3.58634
1.97629
25.2282
5.2525
0.943255
1.07733
0.0522035
11.1871
12.4101
5.90819
1.7136
3.20396
10.0679
2.8931
6.78201
12.0361
2.80505
1.06883
5.61447
6.95406
2.20432
0.454696
1.21614
12.0348
0.0820907
1.45037
7.76668
7.10959
2.39643
0.246209
1.36629
3.67915
3.49055
4.0224
5.08539
1.62079
7.7788
3.9721
1.51704
7.83172
5.61002
9.95648
12.1592
1.61002
1.63684
6.21192
2.83758
1.84834
5.98286
1.2534
10.3577
9.56455
21.1944
5.5399
1.64775
2.70547
6.5926
6.41138
15.1141
1.65293
4.81234
3.49918
7.98869
3.52182
0.184656
2.28342
0.824272
6.5943
1.47049
11.227
10.7234
4.23984
1.12725
4.06775
16.6514
2.75297
4.16502
2.75129
2.29909
6.8735
3.09614
6.34483
10.2221
1.69364
22.6068
3.83888
0.368202
12.7855
1.91134
3.81857
5.18518
2.67764
0.629193
2.71699
8.79163
15.2289
2.03367
0.547456
3.42242
1.60109
0.387061
4.77926
20.1856
4.26222
0.728328
4.99218
15.0965
0.917301
0.21925
12.5261
7.17842
6.02775
13.4861
3.81368
0.232541
0.220083
3.4965
2.38091
2.28153
1.23676
4.0849
1.6311
0.827913
7.41018
12.7998
1.45372
19.5877
2.24239
2.01241
3.89402
8.51576
0.510528
5.78616
0.957535
5.18014
2.53701
8.55461
2.80059
7.9304
6.66754
2.57423
2.63912
3.11507
2.48882
6.85593
1.7233
25.6947
12.3491
3.04324
15.3231
3.16702
0.865942
1.15518
0.158634
20.7779
10.1552
7.51992
2.0601
6.9307
3.35428
3.36523
0.0678653
13.3621
1.12201
11.7738
3.7797
0.686897
7.10116
2.86984
4.09003
9.02656
9.488
2.44588
2.4493
1.69768
2.62956
9.05499
25.7814
11.6203
1.21964
9.62252
4.7169
0.559626
9.67472
19.7922
2.11698
7.32425
4.32149
0.25191
8.26642
4.50685
2.88749
2.08677
4.57449
6.60985
2.42262
1.8941
10.8654
0.849266
3.54321
0.430884
3.90165
3.17079
7.59653
1.17586
3.07646
4.28927
4.12436
1.0719
7.06773
7.33157
2.18365
1.5881
0.923912
14.8167
1.09486
37.8332
2.36884
5.57844
0.227565
5.51873
5.45371
3.36637
16.1069
15.3631
1.36597
6.40421
1.10061
0.311226
2.72526
5.59189
11.4544
11.4969
24.316
3.07149
5.70778
1.67963
1.4568
3.67753
12.3508
16.6401
12.9373
5.79618
8.33802
3.21043
0.784628
15.6199
2.80696
8.28803
8.39881
7.55924
0.786909
1.77193
2.00722
0.820445
0.90312
4.35442
1.6618
3.13943
3.87193
17.2925
6.24588
4.09665
4.37704
9.89936
4.08275
0.540964
4.55855
1.93175
0.677756
9.34775
1.61781
6.57127
1.57067
4.64869
3.78958
4.18037
5.5681
4.7565
4.41841
1.41413
9.78899
8.75706
1.63832
1.11315
8.38377
0.446152
11.2561
6.42387
6.25624
4.93975
6.72904
1.197
9.31163
10.0783
1.49519
12.8758
0.321321
0.604057
1.49246
1.81726
0.345148
2.16994
0.650817
1.18379
10.8959
1.86606
7.21168
5.22247
6.39056
1.82878
1.78548
2.79129
1.29518
4.21242
10.7125
0.569222
5.77159
5.70043
2.17845
1.36982
1.54715
1.57043
0.127706
6.90021
2.79188
2.18088
2.57836
3.8038
6.09689
4.44674
1.72512
1.31182
2.86651
2.17367
0.269701
3.44172
3.59205
4.4992
0.0795922
1.79914
6.17354
6.61748
1.70195
2.24821
3.90674
1.31138
1.99752
8.62987
0.13291
0.773652
2.7591
1.19627
16.9969
2.27799
8.85384
8.2978
1.21499
14.5313
1.8932
9.897
2.71953
5.95751
1.30824
2.86662
4.05387
2.84199
4.20284
0.460683
13.8291
6.79817
0.317678
0.201264
0.441265
2.49088
10.1516
0.616071
7.93042
6.95526
2.35784
0.507418
4.21174
11.9865
3.67322
0.229703
1.61329
0.0235167
9.43512
5.75644
3.63113
5.24486
0.923946
0.184429
5.45277
2.75397
3.13398
11.2094
1.64547
0.204725
9.4907
7.88295
1.13615
5.9333
1.6808
22.0469
8.39835
3.31657
1.82357
2.98477
0.534107
4.75215
14.4187
8.91319
4.1458
3.31409
0.299245
11.5879
16.6298
4.26041
4.13822
2.9445
3.65626
14.7925
5.64714
3.53691
7.7959
11.7211
6.6241
1.62261
0.501126
0.546209
9.96312
0.336583
2.78993
5.42338
0.17706
5.38984
6.39085
4.41513
6.42272
4.93451
0.977528
1.71628
6.43511
1.49798
5.92614
11.1026
11.9481
0.503375
6.2443
0.0785035
9.1188
13.1869
0.575408
4.50622
4.26377
2.1223
1.21404
3.79747
9.90431
13.4842
0.26289
4.39305
0.64547
15.3133
8.22198
0.88434
3.14556
2.19018
0.669935
5.12251
1.26956
9.38205
4.49692
12.9084
10.9535
0.55764
0.433088
0.450489
7.11754
13.0133
13.2143
0.527795
1.01946
0.725268
0.0889801
0.829415
11.816
5.16267
3.69537
1.75478
8.79933
3.95586
7.368
28.5385
3.57379
14.6438
1.91787
0.751964
10.9493
2.854
0.0876274
9.83056
1.07506
0.277646
9.81736
6.87086
1.00494
3.60837
17.0439
0.586529
6.73151
2.61447
2.41017
0.123051
0.241598
0.0487901
16.4506
3.60106
0.895179
19.1043
3.47657
2.80024
0.662116
2.59331
12.4584
14.8414
8.24144
0.377332
2.50906
1.11259
2.17927
16.9415
3.6208
0.0875202
3.68898
0.770049
2.42697
0.733566
2.05787
10.8404
0.801316
1.54812
4.72114
5.22717
1.69132
4.20939
3.71981
0.0792219
0.627011
0.893678
11.4879
8.62921
5.05949
6.36587
11.5907
13.5858
2.58889
1.38835
1.29406
6.6871
11.7407
2.36093
2.91059
0.420487
4.3347
5.17817
0.208917
10.184
14.5087
9.32513
0.725821
4.42787
1.89249
1.56321
7.19945
7.02615
0.557472
4.64611
0.563874
0.959809
7.07586
3.62164
2.37239
14.3398
7.51381
5.77921
7.78276
2.66136
5.10909
0.028718
4.31756
3.78589
8.37681
4.66411
10.4876
2.67622
2.37919
9.95359
3.89181
2.89598
0.388005
2.94331
2.06182
3.33151
7.65972
1.8906
0.117031
0.180659
11.2513
12.6757
5.0592
2.1944
0.457697
0.507953
0.690943
1.15931
6.39688
1.66804
0.486669
4.84012
23.127
1.34666
5.05039
4.52725
0.444104
8.60009
5.70163
5.28245
1.94774
6.5905
8.11553
5.31856
2.90494
5.48375
2.6255
12.5751
13.6626
3.19772
16.1457
4.70506
5.25321
31.0607
1.2169
9.24724
13.059
16.7119
1.9406
8.86696
3.76286
7.83008
3.41642
1.21165
2.74497
1.97427
3.67885
0.0653549
12.6793
5.29418
0.124781
3.65502
16.2133
1.98968
3.93562
0.74042
4.18922
3.08552
7.33062
4.67032
0.271119
9.42009
7.01424
0.679427
4.40932
5.74913
6.02653
6.07935
25.7923
0.787245
1.3131
4.98727
10.4275
2.64488
5.42406
8.65773
0.605772
1.05497
0.918646
5.99034
10.1572
6.08514
8.46511
0.595597
11.1753
3.50042
9.3776
1.2169
9.17926
4.29408
2.38516
0.293225
3.73459
2.08715
2.81009
5.99076
1.76395
16.4062
2.66775
25.6995
0.0962073
0.514552
3.16215
4.62182
11.892
7.63027
2.90381
4.1253
4.34888
3.70665
1.02036
3.72885
1.71744
2.68262
6.59296
0.144935
20.0067
2.95576
0.771431
1.30495
0.861673
3.74205
0.508936
0.0241726
15.3148
0.238337
14.9945
11.547
5.48523
0.35329
15.3808
1.21839
5.4996
1.26145
1.89529
4.1158
5.58831
14.8575
8.51109
0.903162
5.93667
7.32041
3.93559
0.432684
11.1968
4.48606
0.638213
1.27348
7.47632
0.0165264
2.08594
8.26522
8.02945
6.7884
3.70066
6.048
2.86684
15.9758
4.37237
2.09429
10.0929
0.226081
0.32994
1.67623
1.66163
0.307524
0.742
20.4688
13.6366
2.44318
13.6207
4.98467
5.30905
2.34002
2.88035
0.412306
0.897979
4.67318
8.84391
15.4407
1.18068
11.1139
1.09207
6.07854
1.01891
5.66664
6.79506
2.10871
15.8452
7.64364
2.43785
0.908621
3.63529
2.08829
10.6933
0.806024
1.82571
1.97144
1.53439
4.76975
6.53476
8.19257
4.10593
1.10343
2.85044
2.36206
7.2363
3.28014
9.73565
3.02226
0.55827
12.4848
6.23737
1.6199
5.92039
13.5964
12.0319
0.503529
0.857817
15.4052
1.74681
2.87805
8.46149
8.72286
6.09206
7.01243
4.7826
1.72135
3.45452
8.98949
5.42049
7.05321
6.09043
0.625771
4.83288
7.38217
0.464237
3.01329
10.9833
7.83295
4.04498
1.30175
0.566113
5.63769
0.994457
4.11657
8.0339
8.35233
7.34635
23.6704
7.21527
3.95307
4.05875
5.31447
5.73096
1.23895
0.576553
11.6258
0.591554
1.34012
1.78476
7.91696
1.55678
2.2043
0.218094
2.06383
9.9407
2.42279
5.63977
3.08865
2.25633
4.22845
11.0616
0.874436
2.83991
5.76044
7.81438
1.19897
12.0722
12.5158
7.64219
1.83929
0.924809
2.40109
4.1993
25.2563
2.18889
2.58017
0.476843
5.59026
0.493203
9.06918
0.0928299
2.44252
4.66876
0.0193069
1.75598
4.63603
7.40751
9.59549
9.16472
3.69023
0.656186
3.68709
0.711367
11.2812
25.6661
1.46544
4.50066
0.0445293
1.92524
4.66771
4.96678
2.92907
0.912695
4.23109
5.7961
6.56488
2.80499
0.472515
11.5313
0.727592
4.14298
2.42806
2.20391
1.22694
3.46863
1.54843
2.02489
11.7409
2.89476
8.72703
1.19305
6.23663
4.13829
4.02957
1.93821
3.71527
9.01123
0.512948
7.40325
3.86545
0.0642723
3.1749
29.9225
6.96672
0.436104
0.262923
5.76903
14.0968
6.96727
4.10502
10.3991
0.158249
7.73745
3.31376
3.46709
6.29644
3.32512
11.4787
3.89488
0.677615
2.94621
5.36309
17.0842
31.2141
3.12841
0.151458
3.30147
3.18645
1.42076
1.01895
7.76715
0.484213
2.46378
3.36444
6.02694
0.614391
16.4155
6.109
5.98098
1.7564
4.18999
4.29135
3.61145
15.1071
0.172001
9.34315
8.5355
3.3613
2.37532
13.7647
0.348298
10.4382
0.290269
3.39408
6.32995
5.38153
0.956431
5.6318
6.97453
5.94788
1.91651
0.485417
13.2019
15.1137
1.14493
3.30208
3.64402
2.20231
9.12381
6.73836
3.16262
2.82775
10.7036
2.71474
3.6855
4.78819
3.46264
1.91307
2.75876
4.27007
1.88174
0.519132
10.1766
4.1373
0.445942
1.59
6.08497
5.23977
0.866612
0.172692
25.847
2.43256
3.09549
4.11688
1.41896
6.95256
0.410983
1.20982
6.50226
8.4907
1.92437
5.53124
5.04781
2.83796
0.104876
4.47278
19.3028
3.18504
7.62375
4.29281
4.25306
0.375862
17.1743
8.46497
0.088692
1.37287
9.61498
7.51216
2.7728
1.37281
6.13347
0.284457
6.32453
3.11205
0.0620581
2.54206
8.67219
14.2025
1.29511
2.56323
6.14067
1.18375
7.96447
4.85961
7.87327
2.01452
1.02545
0.133285
1.99438
11.4144
4.21453
12.2752
0.252136
3.50762
6.08848
0.869887
23.1797
1.22697
4.34325
5.15827
1.34405
0.61513
0.432955
6.03947
8.42028
3.96182
7.55052
4.05536
5.0898
5.10808
7.95512
0.377371
3.62206
0.216866
3.82565
4.88223
2.94604
2.00916
2.63949
0.943172
16.8873
6.70969
0.128402
13.5989
3.524
4.96724
41.2404
16.5063
0.342238
3.99916
11.73
7.20376
1.36221
2.28862
20.1581
6.67043
19.0009
12.8624
2.57752
10.9913
13.0307
3.88856
3.16243
0.462104
0.730826
5.2506
13.751
13.468
0.791502
0.235713
9.64412
4.09895
14.7607
5.72953
5.88826
4.37054
7.90497
8.22336
0.381448
7.22106
1.17541
1.84352
7.36518
7.88403
17.2606
22.1984
7.35549
1.0318
11.1303
3.16415
0.562001
6.92748
6.88661
6.9139
0.764731
4.05751
8.74173
0.332222
1.15292
1.02792
4.67069
4.07744
1.65006
9.90365
4.85569
8.42314
2.39209
1.10744
12.0863
2.49444
25.7889
0.335257
2.62861
17.4148
7.15929
0.611958
17.8452
5.23861
8.16873
4.27582
3.29829
0.0932532
6.59564
3.32402
0.0838801
14.2404
1.05344
0.647612
0.328664
2.69429
1.23379
19.0763
1.05499
1.10069
1.63083
3.69038
2.29465
3.79677
7.28973
1.13297
2.90046
2.34691
4.99437
5.46663
0.501993
5.37391
2.81901
3.25282
7.12852
13.9649
0.234725
8.13851
1.1875
2.82945
0.341336
8.58904
8.98267
6.89483
8.22731
6.21027
8.55229
18.1517
6.88248
1.08702
3.08345
0.294161
2.41164
0.0362067
5.00303
2.31302
5.36656
16.7896
2.17046
1.3532
14.3921
2.95616
10.8533
1.76387
7.86002
11.464
1.89843
4.86422
5.18519
2.81931
0.155741
12.4686
17.5346
1.06312
5.14111
5.2477
3.73703
1.0398
0.330359
4.12206
8.96871
6.266
0.392303
2.00847
11.4754
2.32278
9.46371
5.90879
12.453
2.3818
1.05003
0.546706
1.85041
2.45151
7.15435
0.429764
1.14006
9.60639
2.54682
1.47924
1.01652
1.95251
1.94368
5.98902
3.74678
3.86705
3.3529
0.758978
3.40557
0.0907798
10.3946
0.362427
3.78301
1.87103
16.5394
3.93567
1.16961
2.03175
12.3319
1.46346
7.34038
1.80664
9.57139
3.54051
5.69663
1.43145
2.95713
5.34903
6.88866
3.62047
3.40226
3.2153
5.27232
3.08756
2.69701
3.16234
13.1448
1.76345
8.62408
3.2421
1.05179
7.55119
0.263863
4.24822
0.947504
5.24998
1.13749
0.980517
1.73345
3.8147
5.09995
14.3069
23.3653
0.212393
5.42662
6.72592
3.00017
0.528485
1.11518
0.618821
5.83531
0.71042
1.26145
1.851
6.43075
0.870559
9.12687
2.96934
18.1338
18.9483
3.57318
15.0711
5.42845
8.52252
2.1682
2.76845
19.6123
1.06476
16.8334
13.6862
15.9042
7.73406
28.3289
5.27401
2.89561
2.57492
7.25857
2.06684
2.59236
0.294602
6.58339
1.98992
0.387974
2.16076
4.14199
13.9148
16.1158
1.43545
1.46223
7.3027
3.61486
3.0372
0.379175
13.3183
2.00973
5.59997
8.26147
1.96625
7.87534
8.17443
2.5645
1.17702
3.13767
2.72965
0.351075
1.55525
5.9101
1.63925
2.57967
0.591766
9.50345
2.7792
2.34042
1.42973
1.23044
2.92745
0.966009
2.60594
5.79798
6.46793
13.5977
1.11446
1.26306
2.53046
8.39987
3.07328
11.0424
7.59616
13.5669
11.8711
11.7506
6.42492
5.96447
2.3728
7.74484
10.1329
4.20705
0.860436
0.69352
3.51075
9.44376
1.25873
2.54351
6.17813
1.44154
1.03702
6.38478
9.21948
6.66586
10.9432
0.189763
1.69529
9.17968
8.15245
4.88196
0.497376
0.485174
1.19663
11.5866
3.75926
0.746096
3.16313
1.97044
0.295544
4.67169
10.1333
6.80096
3.56208
11.0859
3.46851
0.288829
0.41649
5.39761
4.84547
8.35861
9.161
3.05701
6.40876
3.34188
2.89092
6.0823
16.5753
2.10586
8.77901
2.78839
7.16434
1.36361
9.17132
0.933569
0.258989
4.4986
1.20071
2.34395
3.90825
3.75641
5.64921
7.39689
4.42885
5.54875
0.716924
4.03595
8.34283
4.60188
2.27928
3.82764
6.02661
7.76673
7.80582
0.230883
12.8775
3.85582
1.14391
9.60853
3.40699
2.58714
8.29493
2.02824
1.30945
3.31939
0.646089
6.51326
19.4132
0.435265
4.21924
5.90313
0.174657
0.765484
5.34037
6.5494
1.41949
0.236477
1.1733
9.95012
10.696
1.57238
5.97442
4.46389
8.84691
6.49716
0.436511
1.55776
6.32821
20.4646
5.56954
1.09363
8.06435
6.77715
5.27369
0.27487
2.1528
4.32412
7.27788
7.2777
4.92683
4.3215
0.364615
0.603869
6.42899
3.63499
9.97155
0.369395
3.66643
1.22137
1.62868
2.87498
0.496723
0.974027
11.9256
7.44254
24.7249
1.74788
12.0931
4.02485
1.68338
0.0303549
9.05363
1.29138
21.7951
7.92476
7.39417
3.07948
